1.448913893958241
1.279707049816906
1.563119796846378
1.5668198394467177
1.181513514185698
1.1569295300545819
1.2128592681687966
1.3508569070703866
1.1332085352470347
1.1802679120648143
1.1886485620008977
1.6615220258596737
1.3814690075769571
1.9524682442191656
1.2676906018298233
1.2010862981779635
1.1249454027454002
1.7196505512780365
1.3999462745617477
1.2191741273885652
1.2876714268519764
1.28902473750419
1.0779262268059198
1.4934571205351965
1.2662659626943384
1.7341776823380979
1.1488423373759646
1.5572338231243914
1.1400032297966498
1.4223154262572741
1.404884007057248
1.2994690603931964
1.356750923690543
1.364734529720663
1.3500870947695358
1.2807877562756775
1.0499044842953003
1.0302582307059163
1.6536776197474405
1.0252552414594251
1.5685786315528034
1.192508015008251
1.3788031769523756
1.5009622687943402
1.4353034691357562
1.1223963392999352
1.2094054683572109
1.5011081463889422
1.300765321948441
1.3048350231271233
1.3886920454469287
1.1722045884906749
1.0730960137175647
1.2150296262156366
1.1307850654193872
1.0969400046650999
1.2634463054782925
1.1833355131089365
1.260061627445066
1.19042284621882
1.3792691944863282
1.4548664722666762
1.3602496368729762
1.1760434673452635
1.565313850831563
1.3003713479008099
1.4165550841813996
1.5111268952132915
1.6611368574693317
1.2319248492276256
1.1021020218130195
1.427940294818626
1.236527517886284
1.7400246275718942
1.1976010869124387
1.3750693677677668
1.2274101294575
1.2142149462821337
1.4293708562205791
1.2695892458572349
1.466019094568863
1.2276493620747708
1.130987634303075
1.4394107916479477
1.4545564428287807
1.1233641988113143
1.324808961379626
1.2461933169694703
1.1152970309696266
1.4029981939160139
1.2907723012288292
1.1371928959611235
1.0275404949852402
1.1356589019237313
1.3764162247271663
1.214040333550913
1.3090076335877863
1.1883541139862601
1.3530257943361959
1.3768802935055693
1.198507926437807
1.4385803297733197
1.174558201905513
1.2202626045864948
1.26235257761605
1.3412776462768663
1.2015350594337377
1.2138377061411576
1.1202933868881717
1.2649220493898403
1.1194744724664325
1.1684273328806
1.3865440976281609
1.3216987435503125
1.1134132853105232
1.6832575675650463
1.4901339168817567
1.5664641328692752
1.026992651013749
1.148525329715844
1.4684212058903372
1.2047612741852425
1.1513590210837732
1.2253167301560004
1.5520220829561868
1.2248771521131434
1.124031454208106
1.4247922234932475
1.8036638688066386
1.2128410349104772
1.0807716413558894
1.3289942188210881
1.1960942356163635
1.27429139460713
1.3203628958120932
1.3774137881481112
1.1524194791486297
1.1142903524739678
1.262121875923341
1.306550444885706
1.1813960981897007
1.486941095635992
1.264189085180903
1.1151975718937672
1.3158706672499418
1.3123009624755153
1.4016474001965646
1.5993274072324024
1.1677746623251328
1.1606145894097204
1.1261413350080365
1.0522311807980975
1.5518966697457528
1.224779019301353
1.3478912567779915
1.1463461895440885
1.0820237920081857
1.3684936690487395
1.1037367980158013
1.4019834763512973
1.0437787253023452
1.324272183580574
1.2988207965660394
1.49767712022747
1.2839933634673066
1.2066507836008589
1.1262727103043948
1.1139709317979525
1.2707999926338887
1.444718666338629
1.6190738327726184
1.8063826047141678
1.1919442091769723
1.4461434092418983
1.2002794736811113
1.2892032539990252
1.2209658115462223
1.370300027276565
1.4386184691725281
1.2293526391052279
1.2345397624595373
1.132867021716233
1.543666133240469
1.0510261014896594
1.2019742706194076
1.323929949988224
1.2644065546252357
1.2902379964542658
1.3616332635818293
1.370869452362745
1.1747868313191399
1.2085940395474069
1.1001660844175782
1.1176690560614184
1.1488989665112543
1.1595992015039631
1.0964912441559604
1.1758564910295624
1.356889361354158
1.7936067385066228
1.4462897358928888
1.177697802356986
1.0687889988406012
1.185105955416041
1.5951653955890126
1.3205660654716576
1.2957448901747122
1.2368540644602608
1.689719280640135
1.1543751348449072
1.238033287560109
1.1466634353443825
1.179299115844286
1.3360501434523446
1.278311039311649
1.1613169669163212
1.182293995436172
1.1980553017833824
1.0706627706494976
1.970933840561837
1.1304373380346997
1.264280400814238
1.442108309007291
1.2250611168677343
1.1927772654485496
1.1265120359378058
1.0867199330967745
1.4358289582708739
1.3740602987399422
1.69693810182481
1.3137396845922826
1.5889310351971508
1.2910379843430804
1.2710894212079902
1.5539298809333484
1.1466429491780359
1.1695995542284496
1.1587265620574407
1.719367160833927
1.0654171435537658
1.2937809894996632
1.2945495849844983
1.3028513534098276
1.3234410165195762
1.5035439862829938
1.3074851881055494
1.0509613481340643
1.3208485647362602
1.357115865894077
1.1366731427753145
1.1820165757077246
1.1626961806034837
1.5142257074180725
1.3604482827073203
1.149319794125498
1.0138653082445765
1.2132773108606272
1.0672315530039482
1.1680945163222227
1.2130153563928252
1.1949719422567344
1.5725546134604422
1.0813420216565166
1.2118897200708414
1.4752639986934042
1.113887493917929
1.1563055665666233
1.4040172416846057
1.3140883843812192
1.1846371859080764
1.4280504987249263
1.1613496468663296
1.095589061656947
1.1786162559153743
1.2744905701254954
1.2795513342311036
1.2179425431872015
1.2397609299693049
1.4388251207966054
1.3155214683668797
1.1200399869984468
1.1183855082003864
1.4419734216578857
1.3070105193305226
1.4199694548641657
1.4551891542751576
1.6012895200805566
1.1658694695636342
1.3489629001170038
1.40653049921395
1.3364525864507417
1.1908647729448016
1.4909667526908075
1.606195952347907
1.229044743705123
1.2465076945725393
1.4422583093323886
1.5416147174753063
1.1717209639175763
1.1463623182710545
1.4858903511190984
1.4260734615619859
1.3707228523258488
1.1742889653057187
1.1863290449485746
1.1689734849036975
1.207259869367731
1.1647494422699405
1.1738436966995345
1.4822773991738714
1.0585939339351638
1.1894326079623578
1.1663812461334129
1.3935029201232765
1.1291774918059898
1.09201420388274
1.233247326322636
1.1985780423280423
1.0619774606356895
1.1415071967399721
1.7748915720777325
1.1863661674281292
1.4866782237372675
1.19449965216035
1.3667483831427512
1.6422069847617584
1.1944191962260957
1.5732775937478685
1.2531026626063184
1.1134511039885093
1.1376361362388867
1.174025149609746
1.5847883009428991
1.5709329479726808
1.454867378387524
1.1733890623217418
1.110822055700128
1.0843400333164472
1.8798564533617357
1.3986459723083229
1.1802481667363416
1.2699766868539668
1.3234599525902657
1.0903903846418457
1.1796404534743872
1.2940206651292607
1.9346423327990911
1.18024577314619
1.3580934191134988
1.9468211696660078
1.3555974178072336
1.253375458188738
1.2924117728219264
1.1868196937594737
1.2375473672525599
1.174396880885135
1.110585782223508
1.1231213220032281
2.0243944471038775
1.4458656863848356
1.2845199758120676
1.0993977625241802
1.299674032542842
1.2956075222773502
1.2688302839701986
1.140261760421202
1.1002008411684987
1.4896168157275598
1.2484021907254104
1.3203206495119517
1.2327907798839879
1.197089413096127
1.453469371134988
1.2122086203126525
1.2919910032991326
1.1168053989709
1.1768477813850855
1.2361493268246733
1.1649667663323857
1.1720776614410715
1.1768370057365796
1.1187753309876483
1.2875476484279822
1.5131294491146772
1.3941268499186124
1.8902828256738562
1.0431081229339803
1.3198352557522992
1.320517855521411
1.1047282528749545
1.5386468732687375
1.0465818198821162
1.3019414645977192
1.2722460793225492
1.3590773763582487
1.4094937296749748
1.1680054261653479
1.396978296834676
1.169975391347969
1.5055710323737286
1.099302672047206
1.1173065803127131
1.4230058571441562
1.246882602618083
1.3431920729988918
1.2846287146977855
1.2243564263638709
1.2616864899901097
1.3907596542717309
1.0778125793797142
1.2138505671284028
1.3324284059527252
1.1998806426135358
1.2708216870635478
1.328280201843263
1.165285574928916
1.2033630462565394
1.3254594163838431
1.0710594892702445
1.1402479924335658
1.1028648847667224
1.5179606917191342
1.2636745174987023
1.128117329535051
1.1255235554977396
1.4753182476742688
1.6055984552776223
1.225951306514706
1.288649577661939
1.1096092920941638
1.3505575840801336
1.3461097865168061
1.2456693835667016
1.3500746868114297
1.5367163167803521
1.2956546462478784
1.6246507434911732
1.2128084202079743
1.1651646567044998
1.0648546092458757
1.3617611096775928
1.1676728547443969
1.6215228504711197
1.3970587405723436
1.4930022567929055
1.4510830423044059
1.8021891228159932
1.0651045430125263
1.5412822141174216
1.3248823895177981
1.112663994564537
1.4486041173847495
1.221736053130255
1.1381838397734712
1.1859372722743253
1.2563626111320498
1.473774675205119
1.2502035898589048
1.1041076868212303
1.3510843805951904
1.2584843064348727
1.371653942178526
1.2484723242717313
1.5418593436825812
1.1206284509034872
1.3335786939185552
1.1658167341404206
1.340007738355177
1.0978426592684543
1.588430241425406
1.2257124426281591
1.05516794137344
1.0184260488095747
1.2582020762309465
1.204452129039975
1.1693088247046515
1.4257407693732105
1.2217868894953827
1.5771457961956008
1.20231840718945
1.2479079033002032
1.1074006036369464
1.312230513789903
1.400318941764426
1.3820748739806568
1.091289372838357
1.5339382520163956
1.0915874007128452
1.300580772242244
1.1885128366682165
1.1220487462386528
1.0718454449580515
1.2320378695989305
1.3485185165620788
1.0872015956194794
1.325726514530291
1.2174765169195925
1.281694897434287
1.1703151235199154
1.2092670222831474
1.108145456779126
1.469692526209266
1.0730497412012927
1.4283973281576894
1.0227903056772454
1.1373401308878852
1.0803080678571841
1.3216010196139147
1.35323841025034
1.0659445345132246
1.3930906357647335
1.122966895987583
1.4076224783861673
1.8584940355875479
1.189737931545079
1.492208652966969
1.3712895946938883
1.5784492445706253
1.133973886715255
1.426242429921539
1.3195159071578324
1.2556367457184543
1.2375804751990473
1.2311456234482656
1.3885459066719448
1.041346604034464
1.2373589129557185
1.0536341425332796
1.297576652589721
1.4072069042690718
1.1388944906745255
1.1471267667873741
1.5881284745045174
1.4509232149834859
1.2680105440534812
1.232614886910358
1.3795051942002343
1.303085776797612
1.062478191348002
1.3796818063777752
1.2419813123452255
1.3164596211854354
1.2019644657197865
1.3289106328933178
1.1169532701475422
1.4794257202421257
1.118714853929502
1.1153956152133289
1.1980417135471393
1.1718299959508294
1.2106768913966726
1.213703885950971
1.6826202722121801
1.2917972033315503
1.2465028633397823
1.1429591394365628
1.222488687589964
1.6067630909558717
1.3323142638736676
1.4506496598568517
1.6688245051052724
1.1915835256931127
1.3973806680958454
1.3469512486193722
1.2644129818231267
1.3212714945292845
1.7885758619283423
1.4013223917574207
1.452050964359223
1.2026535576338948
1.1462726093326998
1.3262504161000208
1.2336362166848722
1.2988062961735365
1.1345288256803256
1.2869261320131153
1.3108610733401842
1.2847506525374859
1.2729007571013087
1.364160108769557
1.1106028429385555
1.4959979781183923
1.3477229001952
1.1393322291303534
1.1549770974158686
1.7425529951597616
1.2912791167461701
1.3618863400469765
1.1417788326065728
1.2131063819623678
2.2271474829548885
1.284248991963578
1.130770583976691
1.3817548004440159
1.3424017406511701
1.4574246935799724
1.746910226809724
1.0685313653631434
1.1747018566000162
1.3555244488865243
1.069115439991618
1.1291830016052868
1.122874090978928
1.3387574673416782
1.1582547533676464
1.47134618906902
1.334396744569066
1.3897389717554762
1.6446285384436814
1.2413618088616611
1.1457424947170494
1.2921158379346862
1.1922537189270117
1.3495350280051421
1.1767544981242815
1.1133147145006081
1.1177649259450362
1.147908703238613
1.4149065190492023
1.1057859113544704
1.3777719340005699
1.266928183446345
1.5129979163961578
1.1987127648517535
1.5587813646499686
1.176899241058045
1.1635978182311437
1.2810077608039876
1.2226383460314283
1.617208478881904
1.1996659832425198
1.1132034062446399
1.7461462880337613
1.2472543774995801
1.0614628200721457
1.501139045596189
1.1523610730797114
1.1391156672588585
1.8528833852420377
1.1335434945281668
1.1654517164123424
1.2094981344549465
1.4833362045238083
1.0657332105788873
1.480132100606332
1.9071018635308523
1.4431054311283151
1.0522739511637182
1.0893030176291443
1.139069973708385
1.1396533418214803
1.3316812686579564
1.2433878399252352
1.3984306774315913
1.4451643277026285
1.316082571933045
1.4740985519304615
1.2751693726596642
1.5286202538276505
1.6512501833650708
1.284590583727438
1.219967092008051
1.2355979866032025
1.307004171383943
1.1553875306029702
1.2093803037554947
1.150628107587897
1.3177292921862518
1.2856739462102669
1.2540205405341958
1.279327749584282
1.6363082010084196
1.053964957844124
1.4019229504586084
1.1884588973240273
1.2967044851507643
1.4116055883933367
1.0863243150934014
1.2606241045106659
1.154555871924389
1.1518433193655861
1.3075138215744764
1.6077177269750507
1.0988412661053468
1.2093498183104856
1.7078945121809248
1.240878248442039
1.3330886395418824
1.1170295328357738
1.6938340477988558
1.2057966409167675
1.1456155475999124
1.4734403301343926
1.7675602880848287
1.374345494678055
1.4336110098382036
1.3618900896944526
1.3842071870570332
1.0746324054153704
1.1831431241669756
1.3703186233859912
1.3650539428322799
1.3138007015052025
1.4971218148900916
1.4573981287055502
1.0640204543274643
1.856816317013691
1.09001366049437
1.260674974233229
1.1024231852381154
1.116029398759842
1.3838463806706993
1.3240370228576488
1.2827267746454678
1.5424656808237622
1.3458231218136028
1.2008906591432746
1.127533060546527
1.3885210383795672
1.2868928836585483
1.347780888704889
1.199784890148088
1.2480698710744706
1.1963906663513824
1.311702557060094
1.0899815764198448
1.2016846599866762
1.1515845911851108
1.0883201597686467
1.2594940537549313
1.190174645197563
1.3470702671052188
1.1616135683106994
1.157189407001298
1.4236502380260356
1.2433481026879827
1.2296644724201022
1.253125519024375
1.318862924922901
1.2507069501409898
1.1423806473685947
1.5484449342968247
1.3417172756122706
1.268732332612595
1.0245605066537935
1.3904323691091407
1.2451907563832265
1.2498359073002472
1.3769540407402805
1.1287432344791555
1.1110563182532804
1.1128350780284622
1.6862350899965608
1.4496586078504978
1.7420580757697564
1.158923379444977
1.253752230570275
1.1247272524296341
1.3003129027694893
1.1395133682581
1.1671476736345248
1.3000658669017462
1.1053838821392477
1.1050366641360256
1.1095952572081358
1.1208787093205599
1.5697132687169075
1.3324116837495419
1.2079795923871441
1.473610951230107
1.2654677078367609
1.4716868561905956
1.2780007514328917
1.1435926624905821
1.3592540676395513
1.3387219386910354
1.7235555744660407
1.0932425006667466
1.3118567181146517
1.0397189864108962
1.2740976257271588
1.1566074815007716
1.1201699921378638
1.204084452968487
1.2600193686010759
1.2029170733762633
1.1835654915647824
1.404368875419059
1.259130843824539
1.165310192256155
1.1028600170606448
1.2691164275314248
1.3332759586674534
1.2790155580344815
1.4834410545176635
1.0599368195805816
1.7365523400327314
1.115902540274714
1.2181174112403974
1.239028957094439
1.0980451200878594
1.2519098822614272
1.463919889031057
1.3574116744989584
1.1060365476216285
1.343613289816577
1.338628758585981
1.120913940973543
1.0826393884968926
1.1359122220339917
1.2062447251663373
1.2228550311043587
1.47410345139882
1.0309524781654933
1.829293234069898
1.4855639514123633
1.4404253798067148
1.5737134997892905
1.31938831142904
1.9375575557693678
1.2267780333886207
1.2005390270331167
1.2513332340225312
1.4819942572359548
1.2943928333843053
1.1119801151819853
1.0929760592534528
1.36380803839698
1.156669837264546
1.198411201695608
1.324720342024216
1.2265761236997679
1.369551999063953
1.1515936470857993
1.0791340947647794
1.4713640849719674
1.1754339501301305
1.2420989016754458
1.5539042986551928
1.25314377742175
1.1425064373816525
1.1946507046097963
1.6343278595823538
1.4565531750010887
1.3102138058200805
1.4707940199117406
1.2719047113161914
1.3460346957120153
1.0744165249661886
1.4603529486168523
1.284011304593365
1.1405630023700024
1.3921556123827579
1.0905306413733
1.356619225005001
1.1677689998505658
1.5066365446757346
1.0917829151673484
1.1543038909797907
1.1087462806694302
1.7480010436028757
1.1567604233356334
1.5237349628468406
1.556805855627909
1.4052321469517892
1.6796103290785571
1.0566031068901585
1.0842506898179904
1.539872730392511
1.3832608209126613
1.46265387886905
1.1746099517178086
1.1583904303455492
1.1686107092518352
1.1190940620541727
1.4050289771641646
1.1050851052235422
1.2364304143990075
1.3969426157812046
1.2083540745384038
1.0974922542850056
1.1313249138529395
1.587895621450674
1.2931091621085304
1.4578470749584127
1.112120502734363
1.3871420432167452
1.1642916642916448
1.4900808175522966
1.1967561690713198
1.0716459331133146
1.4595826995085421
1.1560920785854742
1.6144253039444134
1.1903617717633195
1.1077151275473363
1.3759401492147176
2.032004071988739
1.1098863957817473
1.2581052193441027
1.0846747508076637
1.1709057892123762
1.0307948017553157
1.066936653528913
1.246519248456178
1.7898277839410885
1.211196857107438
1.1386299840263023
1.3115903039736245
1.2013725815229754
1.2597516951203496
1.2269607489259104
1.3677039984386508
1.2831307837791177
1.135650647203065
1.1057618351890104
1.1908402965839617
1.6403134140410027
1.124023955282017
1.3273773435516083
1.0662233356300144
1.2854874209218343
1.226673402651712
1.2008009781029538
1.2854328046240782
1.226123920763021
1.2199151903538898
1.2933883798081847
1.5143836278992888
1.1373785165112045
1.4949293858710606
1.1744275001716113
1.2991737702636466
1.2736481700423867
1.056896000104737
1.0799485425218518
1.1797972667485381
1.185719199189199
1.0752636938492985
1.1999540093322731
1.144051634491051
1.541565165901109
1.147349841141762
1.3592830510428822
1.276015629197351
1.6409755800280414
1.29660334610601
1.3007869506108043
1.7162195224443675
1.914896805649931
1.2231124003061735
1.5981480334249925
1.3023014780844309
1.1795699055890316
1.3880484043075367
1.1572067895552514
1.4956671325450457
1.8091145018513437
1.3336625628220606
1.5404650817075192
1.1584682440846825
1.4567971127308754
1.1334574059286922
1.308842547339949
1.3759895754947682
1.2622729089516145
1.2479639586312201
1.1697885637626817
1.2636288660118646
1.3037403376458936
1.1854401388185802
1.304577378235633
1.4343728849064108
1.440691735268592
1.3050421944031356
1.0606449359929089
1.4514740399505244
1.2318896546957463
1.444304516962278
1.3300593335018662
1.3576274633586916
1.1351376004264337
1.2275544522028594
1.2431658195488218
1.3338836420601239
1.037666085766693
1.1701096041313856
1.8437635155653302
1.261261531497825
1.4207458012563612
1.1786593367301879
1.1448658540758472
1.637963196893505
1.1416741021414365
1.1977223100780179
1.1408382280381228
1.392461867790445
1.138311798311487
1.2129317800444257
1.1003871613885734
1.1529496066907479
1.6000658397941772
1.397997534839492
1.1375060202195253
1.2333314604978638
1.1182956768863508
1.529443589938732
1.5817600000900223
1.3089713141595813
1.4101406687600782
1.2884055787561723
1.1374065014379338
1.149017735060804
1.143171779495664
1.0438028265948425
1.2450370475275199
1.305579861258814
1.353374879644582
1.27665638215997
1.1993186905692967
1.164179484415722
1.272774391262323
1.1894634899629088
1.6275042470830405
1.4639013934011391
1.11531388051352
1.217018629898074
1.3167100608233975
1.1181042990992935
1.3231116011521784
1.088610758019953
1.2261913884058826
1.4520714273479
1.326990271047801
1.6089471219418818
1.1149818959882292
1.1934829612341875
1.3197385462916076
1.068113035672125
1.222795407705543
1.0581995385561669
1.3999697466495757
1.1867199890652225
1.2059911611919998
1.4308308746406284
1.2763835792528047
1.2821809187755648
1.5869241784224348
1.4611521248584276
1.6149007324631073
1.190774448087014
1.0259545454347683
1.219282599087454
1.4802462491692607
1.2491269598326693
1.285157193231487
1.3027600480800308
1.246680828465215
1.601428787014948
1.1197121433164232
1.1417422608927759
1.1807370090933138
1.272812423585582
1.2640852037714712
1.2811646617833254
1.3285952447315807
1.4396471868827023
1.4471741518803303
1.1717362004689273
1.222260433528388
1.2955717966788936
1.2187213564747865
1.2711468357583267
1.1042691188560936
1.2610716795994132
1.1132985123341224
1.8798180611825623
1.2478001228412345
1.1606483075387815
1.1832230269509934
1.2975453627791316
1.6941387503449576
1.0768693324144518
1.0579474957952644
1.211094332659432
1.655753229475047
1.6166186234476656
1.2532070824814987
1.4129081534711587
1.3385310297904855
1.425933628066375
1.1910444709718335
1.2525448920040856
1.4710710617702645
1.2722443434234219
1.0799002765258625
1.1469800477903005
1.1759933482739202
1.1195033604139009
1.166688932023878
1.3355348694864595
1.0524435245887658
1.3103824172599297
1.4737838971667518
1.1794690683786966
1.074167635491132
1.775407392895376
1.1395160247744829
1.1108428503592078
1.4412248080108272
1.0428557192514025
1.0982564529831034
1.541085412467193
1.3390051560942318
1.2161869424080125
1.252161310851338
1.5645843380198092
1.2437559408581567
1.785700483347539
1.1909673084118997
1.4278260695901381
1.1828389719454906
1.2087877356735637
1.132924509918454
1.3158505494213484
1.1921989804462092
1.2927833259731807
1.2141209754632905
1.2424853710286197
1.2611421251708612
1.0744063889129085
1.5402242650160853
1.3950650222752061
1.6237224196084104
1.2089501878025413
1.5776553360013585
1.526626948203682
1.3230076199447238
1.1145290375579613
1.279048022326916
1.0232241538740259
1.6307025658503336
1.1060326602427994
1.5758757208993963
1.4605038563429402
1.7125630792055433
1.8195641634647683
1.2086112025069864
1.1960045665841061
1.2091640066542266
1.5182978496853283
1.1717421914929704
1.5653573529638583
1.3371065896654588
1.504085400279172
1.1438025364041482
1.1486165879437562
1.1585991524155963
1.4231127878096559
1.2108630084826766
1.133294725146717
1.120806317843519
1.1930202328409039
1.2235765549447015
1.1299699819296565
1.4446233413924146
1.5837992270445556
1.0522201022539917
1.2402576031750285
1.3649780609706683
1.4117032360683834
1.2497181788870473
1.3346492761437014
1.4814234201134824
1.2966736661687388
1.3772198115802712
1.5248738249744827
1.2794294349141404
1.3529174135885074
1.2263082819331848
1.3970953027286441
1.300351525658121
1.4546983389414352
1.1708414970465737
1.2587440307198683
1.3369790148964984
1.2417441778246034
1.3162536668046925
1.068521014951451
1.5064109722162042
1.3374743180952609
1.0891785591216416
1.285719176826886
1.4884751715439155
1.1074166175565956
1.1778416928059832
1.2206795330771028
1.3421576318832822
1.1957309792512452
1.7846553458281582
1.502052311895013
1.2965156305025998
1.5189180427748354
1.2360857209477594
1.2353981262224976
1.1005215450588406
1.284404022575766
1.241964183240975
1.3266951047539508
1.1610973808766998
1.1814325690214145
1.7894454538528648
1.3904087741942688
1.1222014494405208
1.3075633918452072
1.642809175943093
1.129017241467669
1.3644736446305012
1.0628074246691495
1.0422440672368785
1.383556372056324
1.1427998642784878
1.2234347561327172
1.2723053509607567
1.1706517165914996
1.5020566054593527
1.4091253939132709
1.2234673107506642
1.2027055573302026
1.6624139549686583
1.2753060744331242
1.2831205205865757
1.4815534709802622
1.0888161809854031
1.5546732379188233
1.1484959628705773
1.0639753081114243
1.1775172880323992
1.4739406082174185
1.4534584577213059
1.6703377393180154
1.500251182508723
1.2875229726805426
1.133542515708974
1.0819995672055882
1.2622497091625047
1.3416894772617776
1.7867302368387727
1.1770865899480796
1.1205358255466695
1.4074270763396404
1.1279847167770203
1.0348844041371592
1.157411692924233
1.1704782663338071
1.0392784769063779
1.3963687621306446
1.1482149971118374
1.1445420864328897
1.0740503293072354
1.091225030241606
1.1407713389481566
1.1773937110544104
1.2022198846530523
1.102129976067426
1.4247196961646493
1.2946659274436034
1.0984579607996068
1.5171833620408077
1.2108448242796153
1.180030565275221
1.108436467763676
1.4710344972920575
1.3120794970992393
1.093982110286416
1.0913617572477565
1.2044932878482977
1.1431493917146651
1.1329436584582657
1.285158408172267
1.1610103416711546
1.1000594947891045
1.6479168772514217
1.3636901500304228
1.1305860529076852
1.4476992684815475
1.5176031514013917
1.30370842313105
1.3168194549067793
1.6648226390111418
1.1105567886602965
1.2726755550600486
1.177241430466837
1.166024673281773
1.3810078493174673
1.1666936162984947
1.3371231844689144
1.3208553990758425
1.3894627169295026
1.682200490698757
1.2301636896056862
1.3651889245904052
1.7538464649502628
1.3962797077040796
1.12850733183149
1.4416905494402614
1.1009741298695659
1.257967744944536
1.159037240637615
1.3493327734014813
1.229594416898219
1.1951819704403273
1.3871375581914047
1.2926624085560086
1.4073714525345713
1.176084781911179
1.1949397474721317
1.3735730406846058
1.2497500295608144
1.1076616738482392
1.5654574810366906
1.8845234684020689
1.0866427021462175
1.2492704401943064
1.1746204511930687
1.294760167087759
1.1510954940057876
1.7669369203716458
1.085727465618736
1.1496146668663685
1.6267153707871627
1.1239726681112647
1.2285538494528339
1.3760707699271146
1.3261178572742518
1.254577666109667
1.2627749786924816
1.3455926090143016
1.0707553846126276
1.2341145967106015
1.3079056796886976
1.1513689834308036
1.2193598765102565
1.1219195021973192
1.319145134543293
1.2427282508256683
1.33260133695186
1.2777621109466364
1.5546675988162248
1.9957696263169915
1.070121420386689
1.2812881974123487
1.3164882288299704
1.022428836760701
1.3038123783169484
1.0602213267516993
1.5728928331049206
1.5470158208547087
1.256475048777409
1.211277406358006
1.1298362293745097
1.130441253528739
1.1112214783760064
1.4282843418879492
1.4404629758067118
1.217287889715939
1.4372768388478934
1.3114631185511365
1.0488317207265885
1.339017298209852
1.323169876159098
1.2500736793992648
1.5544769994364738
1.9970605664722754
1.1599080521120377
1.1622634119591158
1.6112585241563326
1.4145113595297865
1.229566464740726
1.083869207849959
1.3206476030450327
1.3846439998832945
1.252853391435438
1.1385509618228271
1.0496118373208367
1.8183189855997017
1.159921353179438
1.7432412196152
1.2428952912597921
1.1145184487754374
1.1245937127096253
1.3253910424090618
1.141806340846527
1.1964613610900545
1.0890449471244898
1.150521043494244
1.0779141276022852
1.2509610886668083
1.1517401260648517
1.10664667016999
1.724914566253269
1.5453665671818209
1.0847333660840723
2.025664192918304
1.417151530700224
1.0626861815289856
1.1282352328584964
1.5170993234738022
1.1723890290521428
1.3516044397947866
1.380530739865825
1.2871093235908801
1.3253721917818229
1.1482678040737975
1.2733720067859118
1.291730205684672
1.398099821162157
1.190150352943265
1.552699845405308
1.1625719151749558
1.2229282332772369
1.1654653936662942
1.3748449147751667
1.2318341554744026
1.579649987963321
1.082678341579301
1.1856241582636249
1.553509793039737
1.4659025540851132
1.1743489019401219
1.2737482537818103
1.4749265066382373
1.180670069837787
1.1511491441902961
1.3915584200628164
1.5451544100506966
1.278660021844833
1.2899470730264315
1.1661674420256483
1.2060853318463745
1.10195289112122
1.3644493410815715
1.144991648283403
1.0832361649873867
1.5640835586315478
1.2150981048871026
1.1807166108466487
1.2990347852088109
1.1012410360267517
1.1626673363895355
1.067507755860721
1.1521508559415672
1.2197325862328177
1.5242265688272694
1.13875075674131
1.3900911051026485
1.046887877595906
1.2517792897719036
1.2805896381253814
1.1235129548197158
1.4491348275605869
1.1772890500921058
1.5827153482986624
1.1602379260413351
1.1911926705873814
1.1806596161859564
1.3345519360562652
1.260566497871786
1.1619031730391158
1.1141894362055533
1.5583595638547512
1.1906973039590711
1.2697500362548237
1.1890398068424082
1.0896527794265298
1.393223144429838
1.1331843275020106
1.364612141143058
1.145313650949082
1.4341588444086415
1.4530963163821593
1.5895467426738144
1.0532187294929038
1.2313113538853184
1.1078963269913642
1.0482392616015153
1.3798276289501286
1.425290522712407
1.3207227973013798
1.1705846872736574
1.390749370152354
1.4729875198153568
1.1738333368014848
1.1444119981007033
1.7114701669054202
1.0878628010945015
1.4665314428452292
1.1995852957885993
1.4211249088604367
1.2047095955381404
1.1713976163309918
1.0765071377934696
1.269836924979947
1.2121346216021713
1.125529781451128
1.4941517013232515
1.815819697018272
1.4072722505247468
1.2071839533014401
1.5004652761659794
1.2701742211208702
1.137164451129756
1.2149007232400648
1.3232295752833534
1.2033839905103887
1.6702050938113526
1.152521903387446
1.406890805625175
1.2461521220468146
1.2520327332377665
1.1780923769765408
1.3637217181884878
1.0578382083071407
1.2129318523923323
1.4435663826669485
1.4290114280798782
1.2693746111598814
1.0457677279728765
1.497340666799034
1.0561031820625084
1.3443393577346199
1.1036203845677517
1.2875107286610925
1.2686980703768655
1.3794615919971793
1.0972513574036602
1.1899169992954552
1.518411866554916
1.4277889616184423
1.4961680558602057
1.1174621302399672
1.2778935105698377
1.1046718356110568
1.4607481643757427
1.2061149874589567
1.183552138525265
1.7853385150899763
1.9375873199208862
1.7252331408895916
1.086399580181126
1.6459607760063835
1.3249874351702222
1.095332920768513
1.1070811983276472
1.2374378410498694
1.6555051508852845
1.8295812461145424
1.3169181681715874
1.1579236925894874
1.098544280420699
1.8038423888584383
1.2797259923462345
1.2494211525096597
1.241656347706281
1.0880401564454578
1.3498061537467019
1.1742039731796583
1.4849266319003518
1.3558549896158303
1.6732873644828676
1.2207981560777392
1.2114351428661965
1.4387798676596761
1.1213747030022028
1.2343524508229202
1.2132066997671973
1.3693322867208173
1.497426036634661
1.222304898428104
1.350333024378678
1.29683983096525
1.3011666334330285
1.3863631059820243
1.5260202835240428
1.2562193204069751
1.1848844008338162
1.1278009510865963
1.290987602054095
1.4014412886816447
1.6563148572431028
1.2733092111887712
1.2557837980650566
1.2710814119133913
1.2856429620047847
1.145369040268628
1.216734465498208
1.0986794938414082
1.2931387376372179
1.2324490061035676
2.0431414470083333
1.139068601908933
1.3276761489360194
1.1014625360080386
1.1918827600365336
1.2745933755488852
1.2229449920605326
1.4377725556511531
1.0961028044162882
1.6340042392836773
1.1475463756302224
1.4458056522420315
1.4763280157291088
1.8040628600312387
1.2596130732229025
1.2679844646102811
1.250630070859466
1.5021567931659772
1.0791187742831698
1.1893137018688842
1.5489347604600876
1.1253721342415721
1.1613727533630829
1.2453516841929315
1.2144930405306094
1.2283545609993622
1.2406083914414414
1.128897723643492
1.5802039974132132
1.3310483996017035
1.5405144821063421
1.5015552481037748
1.4013881173065115
1.2206783624646598
1.0424316823782593
1.244423850354948
1.3911560223388966
1.2942841662216917
1.148232616979876
1.1113054864834149
1.1449126395650755
1.6978810009596113
1.2291197466780868
1.6777121967159545
1.2613539347598235
1.221227454303965
1.1646294114745255
1.1261869914499756
1.3458359577718744
1.0983344049978132
1.1960282620601905
1.1148789657446705
1.3192806880375296
1.2069608180117453
1.4902337752638937
1.6215882543354923
1.341438037976168
1.4409678448067758
1.1268358839402155
1.380101149807082
1.3328512156037102
1.2605869351276737
1.5110971976096108
1.1390672505544066
1.1529281124133925
1.1222137950964668
1.3433202764586425
1.3413503709406562
1.07180338397384
1.0917203353345715
1.3548290147382105
1.0799506856773549
1.3921638799816767
1.2275815050185335
1.8725806424474316
1.0885761330166586
1.0661077695217434
1.3388214582335785
1.7624032310712912
1.2569876162502172
1.1149290640762721
1.5720376590279337
1.126151676297051
1.1404838336941137
1.2483321401563006
1.412228431634269
1.265062657323681
1.0774385795302297
1.1975819657245568
1.4245671439507033
1.1076868510142022
1.2350853292492985
1.314698292912709
1.472672644932798
1.1485025922997854
1.3301879816942421
1.3906999853352506
1.3728010091676563
1.2179583289955214
1.2797833115330015
1.0990910600676307
1.1950925289812346
1.3554408649630398
1.3300406182104982
1.23584166628266
1.2303456195640117
1.4113870197911809
1.3130953977260795
1.1098713993830376
1.2408269776377805
1.1846192271600142
1.7587450160041378
1.2591998738503187
1.4280387640693584
1.6154707447411958
1.0908908351336117
1.69203748042219
1.5676626956888442
1.5830025407266388
1.4605028477847763
1.4240337277869837
1.2409887881849775
1.11561619644944
1.201738177406467
1.229658192831902
1.139561480524248
1.4428258864960286
1.3441695889359413
1.3335683623107801
1.381256643142696
1.142838996730925
1.290829439963504
1.4692003185375417
1.2932596878796287
1.1715625387433188
1.1469955278926693
1.0425680198127703
1.1303591226629703
1.2092278490044284
1.1107650629348005
1.1707398866277487
1.4591178771442854
1.0931047810415915
1.1656251705314047
1.528463214557282
1.0907373755432197
1.083743254294296
1.2462413799312195
1.3772060375915027
1.3136485444367483
1.3748740711891227
1.3233891519833458
1.2611925672516942
1.294180387924998
1.1535359227477116
1.0728932225452863
1.1035490424446825
1.1704164028576525
1.1806080588423924
1.156285316541961
1.103387073691928
1.3770104500570537
1.2464094653550946
1.2590072045048453
1.055219688154709
1.155066750108443
1.1352355294722458
1.0901102085881713
1.1991049600132597
1.563388818297146
1.4281794407311248
1.1505914929917018
1.1675738241158868
1.4376005008626156
1.1755173201539018
1.3241213376573957
1.1431355869580313
1.2668415725101423
1.5806802716642763
1.105674447363471
1.1368762052815002
1.159901251793931
1.1539369514009743
1.0600321802425834
1.3135941888280098
1.572256606062277
1.20750019757062
1.1662611443253128
1.3108984718586734
1.2245552082285034
1.303228384223203
1.193599141860783
1.114133237113962
1.2937584631223407
1.2985968786843807
1.4984303494935105
1.2266960261504822
1.2578823025325914
1.238502405568681
1.3227455831896107
1.5261279323657206
1.202525736106723
1.2538409363399974
1.253764582978244
1.176621780041953
1.5932540693271389
1.6935497642149486
1.4729408550982053
1.1814420126059975
1.7677261924430945
1.3516775592782113
1.6075356830090857
1.2470516721750649
1.171110315331215
1.7339419706386907
1.0939675187572095
1.2923330001864985
1.3369788437158345
1.0772137580262937
1.0781393090051339
1.4021150619855165
1.0789710930906586
1.3658509578119813
1.4191108649908555
1.5694319155653782
1.1122869070160093
1.1170247822477457
1.2372324191662656
1.5755292110837738
1.1913180624330024
1.2145429747682674
1.38254445171572
1.5477248124899665
1.3407647379562997
1.2788727265985458
1.282381160230903
1.240253085630093
1.8952541156596125
1.2779601801265736
1.1038060460153416
1.1776564236779066
1.5010153798569958
1.5434110806849737
1.1150801929149599
1.2977351910863297
1.8968850244024615
1.2776231101715707
1.0572479233813812
1.12509287379197
1.3215787954258387
1.309599939826525
1.2418579432493704
1.0674045729426993
1.1808027137516193
1.2660290277124773
1.1524804044083252
1.0440959341549014
1.157326814874502
1.5727508026652481
1.158896142961146
1.1126673402139988
1.2095233158171705
1.2287778315743003
1.2235346146163175
1.2772571964549289
1.0579006057683615
1.090113703247736
1.1372375284618896
1.3628602210281673
1.7851642186743484
1.122264320526829
1.3637568199532344
1.5541799422850908
1.236052247311062
1.465717447253439
1.1088021570759758
1.0649257089060384
1.0802380591938008
1.0890072569354767
1.255332651634651
1.1534350442166112
1.1718802462155382
1.5044230157556346
1.1204651113183839
1.2300239672196784
1.17544365446971
1.2544134550521018
1.3863846736348238
1.7741026419031498
1.3186665933983128
1.2184988804468126
1.4872669908305147
1.1830407083388998
1.6197041332717381
1.245532810090904
1.0973662076751016
1.3204265579673449
1.1053132016722331
1.3164689162020897
1.1211340818665265
1.1392308996791358
1.1413966666039854
1.2439324293420304
1.0919364281785586
1.2101763111116173
1.2018067565261992
1.4765373181768418
1.119130533013955
1.155496799666884
1.211700634122354
1.937557274458427
1.4090372445931738
1.2929183973512621
1.2182415212188735
1.219036502295783
1.2439129997039007
2.018438633562661
1.1774932746266968
1.5658694985229045
1.1069834597491557
1.1322185965372678
1.355028354874491
1.6800475951375324
1.376407672837743
1.2242213910666762
1.1163626874689507
1.4694380660847217
1.1312868464384336
1.3263571731396981
1.2797943730314498
1.183322653819768
1.3760038037796873
1.2091464252461088
1.3108147860313186
1.6201219664517912
1.0811855192044593
1.4562370622759984
1.3508842649660517
1.0744755099192111
1.1181709247964209
1.3879296220541524
1.4175931879398729
1.4026084104663503
1.1222002377271734
1.5438976656267165
1.3408376487241187
1.1896221328956662
1.4312885250807486
1.5137672821100563
1.2707026235162244
1.0946377719074674
1.676348411789168
1.2782471219731693
1.2678587771009255
1.1760691045583438
1.1393326086910998
1.6313091537940223
1.1502916266057164
1.254536720208407
1.1487777551254155
1.4199979586037954
1.150634474405925
1.2837814554377158
1.1342597083029466
1.1387055693702068
1.2612505507014693
1.3910045127389012
1.1533526736542294
1.1136381317079957
1.2962413429524868
1.292290377999941
1.188661677303073
1.2352226238620247
1.105104332342336
1.3711083815793876
1.106507768760296
1.1615471761348573
1.4927590145618646
1.2321100828994325
1.1275706450554492
1.1896795801652642
1.143367390609796
1.2993982641305981
1.157021298296984
1.317736544983797
1.1972833280427915
1.1962442147596537
1.1978284660760263
1.1447879211434784
1.2577752588012983
1.1881163192476194
1.3370404733438492
1.2473847881342823
1.1858194025444802
1.1503099130675947
1.4277361965609445
1.475680334917279
1.3421405914914444
1.4447876818509988
1.3199166229492376
1.076307261191277
1.1217827784077337
1.1124820071722965
1.3167570146650542
1.3995389907520859
1.3669020741383309
1.168078449232231
1.2641079800113337
1.2841277401517177
1.294647782963292
1.1666528693978442
1.576912372111542
1.081414864478917
1.395269249668779
1.1861031194752523
1.1672451551131346
1.3298952882204023
1.6395640940186562
1.3071152252671723
1.152162755012981
1.36685599758386
1.1117687309108084
1.1593858884944213
1.0239494779780949
1.1426003305144798
1.4416093140994097
1.1420346376949453
1.3980841687350465
1.2087179441104243
1.1164209399635638
1.7948658649398703
1.2293264195379159
1.3318412213393636
1.1154151355535504
1.422775976744676
1.249709423303945
1.1243523655061163
1.18253686533785
1.092741232750319
1.2418125201331474
1.3431854973332562
1.0991186571803788
1.318779236215734
1.2877327928551905
1.2281345223049267
1.2613161353619673
1.6635308739906458
1.0947152941019367
1.3194786090467958
1.3691779420092838
1.700701602121111
1.1842529216805215
1.2640628919143055
1.2539936277074364
1.1458559463359261
1.287968794305589
1.5045300360721983
1.1846999944276908
1.1211976679926514
1.1598018787597695
1.850879784264434
1.053046734571419
1.6353446891982242
1.6402040249458398
1.6121618503386586
1.0270554592345194
1.355779579755258
1.182035903015009
1.2821549716756695
1.0745296739443682
1.1765941177039818
1.1941439354769363
1.1338287158511122
1.6102151764238084
1.672307305011742
1.3347107273292529
1.1303440300121288
1.1541672540115095
1.1927066216800186
1.3354419176316168
1.6776007431057147
1.3087290164315946
1.183264480912906
1.7036010896623335
1.465298279980398
1.2685600419435443
1.0223286510578518
1.2066760372468521
1.2672744670784206
1.3139124734216037
1.15899594669223
1.346141633121191
1.1269130732375086
1.1848856083297465
1.2964335432643819
1.0441779860646647
1.1728055405629594
1.1108400901801816
1.2464347432893281
1.2038622276123412
1.1542632840791793
1.2644507911660048
1.3620976716384308
1.1071944977607167
1.1756372463615492
1.1497175765677585
1.4391983214101591
1.3913902182306659
1.2725874003390032
1.3354607045689264
1.315619856687148
1.2593440879346427
1.164243417335292
1.12490637784716
1.1006956638741543
1.624821007411123
1.1810753295619296
1.3356498499182177
1.2713997819551357
1.2240931747175534
1.26091652996614
1.4864288435734756
1.3549460401670124
1.3468498181388993
1.2348526224294771
1.591105945999516
1.2154985049794271
1.2285192679425294
1.7234842460162794
1.2337457184204315
1.7591623763040176
1.084766474716203
1.4460949439977067
1.182562865065401
1.1195520122574134
1.3804545520247742
1.13166045269297
1.1464648143229657
1.912951093275531
1.3918102809019488
1.3755892263401506
1.2267716210555775
1.0872951447671604
1.4933305608522722
1.3153986958764456
1.3059453815460726
1.1748149617436423
1.4213753702936436
1.2472695785643926
1.1440745841489932
1.182538160579876
1.2023226546302004
1.1304869040214858
1.4943698539203762
1.3044696248538
1.1955258860343227
1.4959852368087472
1.2120592246940258
1.523243054399247
1.0565278598035897
1.0931373994169489
1.2380492893839994
1.1955176410585115
1.6255300690159584
1.5067117776485848
1.1833859885422817
1.2584807868274988
1.4276809182414836
1.3204438126267144
1.205722730399597
1.3176600776459158
1.0152761684176161
1.4026997262019656
1.170888364371541
1.2047673916694812
1.208766280090917
1.2071175187062535
1.2809489504099498
1.2379245506485035
1.3833476286775346
1.2239227291858106
1.5777619389487816
1.1945560231572119
1.1946683158238482
1.1656919502166967
1.1644198327646733
1.1651046592973573
1.4946426122106489
1.3599564416660872
1.589034579673412
1.1933775560627478
1.2227218368030723
1.250479047598787
1.3250553950150357
1.4288261536282845
1.585340892498452
1.3355715830148658
1.2881734653578412
1.2183239774234282
1.1741313438705356
1.5143755297200303
1.2780363927490868
1.4804160529137576
1.5284878358580603
1.7565472688334003
1.2887392542976952
1.1187908626299905
1.238767221361482
1.2278267255008628
1.2430314917619076
1.5088788270891744
2.2551698616141045
1.623807082416461
1.1737113925449971
1.3649940680389083
1.1782074973587722
1.3218719559189238
1.387439105050243
1.1743403003501705
1.1080376042489928
1.1985731834843283
1.1632470091680467
1.2611308581179443
1.2510864738554717
1.1043664507562503
1.303888274098352
1.1307780044553868
1.128321508688221
1.1847669916048682
1.5749848359475778
1.3832999652681175
1.1115963506571476
1.063783174163896
1.2795081996827793
1.5655765227318514
1.3360453566468482
1.1972708197976523
1.2817526921182174
1.3071646278575093
1.2844069843024575
1.3066089640666512
1.224610307014593
1.1912715427534633
1.208186731343486
1.1675958725288385
1.425391598355243
1.2713324399523196
1.1381771927321052
1.1992661894125283
1.2488609062691778
1.2028692473349867
1.3042288292193693
1.5532719644876138
1.1972306155894705
1.2314477276962643
1.082531943641189
1.576011082050676
1.1680396780841868
1.2038499303811794
1.0512987231860693
1.3052946010272848
1.4798921399049723
1.4916436559796145
1.8420300266623186
1.2512737216522767
1.2525658318418669
1.156936971752117
1.2599246835237985
1.2352629796579966
1.2834819058218627
1.1745562426005403
1.3101939466167147
1.2179474556714693
2.1058488494144747
1.2300452382255247
1.2035978201232784
1.090527897353205
1.147765992426439
1.2729446226444492
1.3212787584514134
1.3169680158942139
1.504312026231203
1.3694156558847246
1.0790415806904583
1.1702598428922726
1.1409727148187094
1.1379483300625153
1.2021424608181714
1.2952397232314263
1.2361731314953395
1.444059915410585
1.4122830758170943
1.3500291504677668
1.4035696383512744
1.1823762714615562
1.210910417150632
1.4481048649107744
1.4835252074430731
1.1820666132417357
1.2709686047534487
1.6441267871904328
1.2422912926015537
1.0916694791440993
1.5509439609708182
1.4331973546124883
1.2038346969116673
1.3478908427020275
1.206391551016225
1.0432078886514684
1.1180985334284645
1.241082483781279
1.1584712807553743
1.1217545837264793
1.3089610586044038
1.2589911495567077
1.2558441752855625
1.4503714959633762
1.8502152144481059
1.2527820951738822
1.3325275085424915
1.3625925249504829
1.3255161302246872
1.1397455599295483
1.1441422669393242
1.0986096609975573
1.2114432457542763
1.2211514207534115
1.6026364249901712
1.2356558427139026
1.1540464059557578
1.7219099808528988
1.4323481631267534
1.5805787768286117
1.3179528505092073
1.4159498191755977
1.369458162259894
1.3334234916271657
1.3815106187303432
1.4738953405832078
1.3358698752922429
1.3566581241776492
1.5006938599085469
1.1980537611718924
1.2050699621119934
1.2307705324192721
1.1561550139832202
1.25329722976595
1.167540062547208
1.496831591897099
1.2044043711345118
1.117289626925977
1.2270545322599085
1.5000104034456212
1.322647646065503
1.430069171767925
1.0802230064242375
1.4994813812623504
1.1900499103827062
1.9334993596801708
1.0651375304705888
1.2593895021156711
1.1231159457977662
1.2446215311559843
1.0125438390085992
1.3352192787599673
1.38606714227248
1.1089706130781538
1.2583588755421602
1.4167150414973548
1.1801999225884723
1.2479673781517933
1.1457868358701835
1.042542171824268
1.264681208526169
1.8179920446281286
1.2147333983292001
1.4000131181539635
1.0631158540227368
1.1474162839218203
1.3092984325149333
1.2507088074757389
1.129971353242331
1.2936558577730761
1.506157484225618
1.1699698217581525
1.4337540006554803
1.1082976361529195
1.474221418248868
1.1796333588658183
1.511837184422494
1.243676917050413
1.3372360934578995
1.1265023309518853
1.1992009503990737
1.0928297821118582
1.2702741816640566
1.3734507010436592
1.3412629825441758
1.2075156522182897
1.6738797534620447
1.4144688123037124
1.1449556439284487
1.6044244593149184
1.1785313178363246
1.088178136025807
1.1939480033086345
1.1096470462008985
1.5046127039042403
1.207461986026783
1.2788983056118648
1.1345303872977905
1.0940772208984053
1.1264258936029978
1.426498218930331
1.059137524438203
1.1450623901700447
1.2542608855535986
1.589241657009988
1.528644481286724
1.229068583408337
1.1770775969625065
1.200716831657442
1.3275318799671691
1.08573235213734
1.2116367838478639
1.101479015119059
1.0225488900907629
1.2139110173265113
1.1703242137464305
1.375678616522167
1.251744848547986
1.4684932193217273
1.70117541073458
1.0951325599518065
1.3775513768104948
1.1714884246259851
1.2746387881977308
1.4089743798203822
1.17871694522635
1.3615639509529
2.2293503995346384
1.1353376373754551
1.267952921998947
1.1818246169922304
1.4850497965423441
1.3795554845537872
1.1028431406000145
1.1914441135993017
1.146104392753219
1.5237849692101466
1.1976380418958752
1.1029028123111524
1.4266926352272498
1.2255632637422
1.1847563788165563
1.3841830778492235
1.2140333275937274
1.5960458880516328
1.0801613635858043
1.2928809099118852
1.298300233784295
1.321422112086213
1.4063527406315885
1.15945740515314
1.5684232134203249
1.295632219071917
1.3004749534840403
1.4703270032241589
1.4296332011506128
1.2898283288958028
1.3230493068353169
1.231994867481485
1.104908979961465
1.150472749839634
1.3073603458958538
1.256455433220351
1.2179478689245602
1.1415693023825835
1.1424255329654731
1.1418783423292935
1.359141165760176
1.2280229351955223
1.3333424476515987
1.0784935985338227
1.1665935971902395
1.5538701892219533
1.3714268975433972
1.2932564952493708
1.1396706081150496
