1.3182985910569003
1.5261190738571628
1.070505266214324
1.2454742445699467
1.0365542113959185
1.045992960601287
1.1855263476205429
1.2289854684445143
1.1468160064811659
1.1470307649565035
1.16196492782246
1.1148738007459784
1.0783763422700854
1.7186971378307059
1.0410670501115453
1.2165614760777765
1.1456110525627514
1.416323290837802
1.120546516628444
1.2328953617223364
1.12782047823416
1.2521348416718308
1.1321900998178758
1.4002819146580865
1.1677612058030817
1.1092483138953415
1.1191202198867503
1.1793686482704453
1.1769275493394489
1.6459845469445096
1.335892150591134
1.1290489998295736
1.1620334359316458
1.2010833035526762
1.2451803607914274
1.1269993419087998
1.070522366691502
1.5685201276606113
1.3770353922340453
1.0743490775831435
1.0147347544964183
1.1278321105398652
1.1000956663171801
1.1893744210282537
1.1879499714944477
1.1110935331535736
1.0994074840824601
1.1831558577736108
1.0785894003163152
1.077827264891953
1.2508150268019667
1.467773655096248
1.101472546879728
1.1503205337509061
1.1915174765558398
1.1526340171951135
1.1543926455414117
1.1009605642584273
1.0978487937749344
1.7805750675752512
1.1434315885254984
1.93220102722461
1.217860514399048
1.2398167751817688
1.4409972074741877
1.2385766095166943
1.720466975993098
1.1464184210562753
1.0757297802039667
1.8079019895793518
1.1271926400945669
1.1969185548862222
1.6741576577144803
1.4240066189739164
1.2701898387672643
1.1872378635049676
1.1900212136549306
1.1714763272354534
1.0781614226095357
1.2231184899495617
1.5519375522720935
1.107070419300848
1.0586331778544427
1.0245881150962284
1.1963239982831
1.0377248074560164
1.6395193320904595
1.094406381218179
1.130888065637909
1.3044849797937712
1.2396539203263162
1.0616617258828536
1.1684021995468317
1.341839403648728
1.0932635957506682
1.5871818399473787
1.2186846271852465
1.129528200867336
1.2757007098520214
1.2542131850417912
1.388866877971474
1.195959964548349
2.018769137715949
1.2128020698182929
1.1430908153670338
1.2011047436777618
1.06758205220851
1.3485015552227506
1.2550732697063607
1.235415942945262
1.3625318999529707
1.2756490737458914
1.2112686649377842
1.110676946470269
1.2495699890733383
1.075900924874764
1.1732524751164581
1.229982385266355
1.0605983342251462
1.3852967896262278
1.1024295648664835
1.0884397631076599
1.062444294519018
1.2306376191426864
1.041812272895802
1.311109567068372
1.4146556385753368
1.1977293432798293
1.0852966721700144
1.1076798385857067
1.279562551446768
1.047966538770562
1.3505756637272746
1.106664327598465
1.3169472442539167
1.3021463988425719
1.1938390076537055
1.1504816678357268
1.057576384829481
1.0671439972698085
1.2502846162309564
1.0651186706504683
1.1045811602908766
1.1808064244325818
1.0771979931562765
1.0955074707360082
1.1128194311904025
1.075525846518017
1.1013602354557208
1.2360963031654577
1.105411881035813
1.2429368397713312
1.3047939694289226
1.0262007859430462
1.0237695582053745
1.1493882714164123
1.1955695646483977
1.1858479551130283
1.1156138865035718
1.1341652461179272
1.0168648562349032
1.093883950006099
1.2095031192634753
1.1334336256366788
1.1906850061282854
1.3052492574884649
1.022744583440829
1.7223509535569934
1.3941106371067804
1.3184801023341706
1.3970662332385209
1.1237999991145897
1.5757523483366827
1.1541183629581766
1.2689787630767688
1.2964094768303296
1.378415731234012
1.2630091522402338
1.1693188370431855
1.1702293561512427
1.0746916105994964
1.2221946033985165
1.2266443165315406
1.2576288210290372
1.1259020018638806
1.0552878299877557
1.155328338543953
1.081585491037501
1.186571271326362
1.1340211153074327
1.1174660229848377
1.1736034891192475
1.1987884051273223
1.2071468038293902
1.1515387566480098
1.2404571496278707
1.0860975880159318
1.168315507186812
1.3589386265856955
1.1628195309397147
1.0450250736858837
1.059251314231047
1.098831403356503
1.0482169506400631
1.1483294315643293
1.2340283052173084
1.4635078068964487
1.1722861799010873
1.3232702611618568
1.1073791866125502
1.0980409355931933
1.13555355252547
1.0947258345179651
1.164397577065369
1.0821160497461182
1.262150800096095
1.0883832316107664
1.0573161644763975
1.1212374741615416
1.0931292097109286
1.177917990528427
1.0744491702188406
1.8636459381655626
1.3134063774238665
1.12075314738043
1.1315848867797897
1.235650481583679
1.1228378268137207
1.294942623312126
1.2407122232916266
1.150773252482721
1.2058238650800686
1.2146299702950616
1.093847408836188
1.1871228433952736
1.1278618006154124
1.292832696783857
1.4745853354184728
1.1308761922997135
1.2369318061577936
1.299733153003434
1.1724142336447225
1.8303495981291882
1.1322809022399478
1.3085247458293088
1.499888897118732
1.1664231348003402
1.3198758305809568
1.0817411749664139
1.366491172787284
1.081811668473545
1.2227112442402726
1.1709575673792105
1.0482188306695759
1.163593988458483
1.1158275391912298
1.2046421115503034
1.440706517231113
1.2825257799883947
1.2553062986211911
1.1616510298289338
1.179275970313722
1.0372668915146042
1.7793084149877059
1.1086494263744393
1.230794690774039
1.2870372624947188
1.3832977468742236
1.1255254890175455
1.1537802012569065
1.4775376333144528
1.2889446213096363
1.3459434849963496
1.1381540130975523
1.1809271921135205
1.02090234111477
1.377089776880946
1.1651957166712132
1.0964497281426169
1.2089573780492444
1.1997162161627553
1.102218022677541
1.5157547947260743
1.0962216183876485
1.2719646066098915
1.2483531120731162
1.3380464701759847
1.282552482797914
1.1286691489275782
1.098868048139928
1.098197606906649
1.1265099171226263
1.3173428243477199
1.4482650937847728
1.2669224781640742
1.448997257646299
1.114812128595912
1.2184541911718145
1.1092285018899224
1.0224151072889218
1.2122084317705388
1.0522700295451723
1.0335353277677608
1.2422629841744341
1.138895617166186
1.0607937616150436
1.0330759088483725
1.3127394324098773
1.2074632810879142
1.197215015704125
1.179890992541595
1.1818162449654301
1.1063066938930102
1.1723879833113093
1.2191875601443667
1.09642409696184
1.132973820058997
1.0533304169833737
1.158018587882255
1.1117472113286415
1.07755932915471
1.2714106337312558
1.2911545737853807
1.3123357395006163
1.2796470700888007
1.21084043385727
1.31556066432048
1.178313980370553
1.0371873881724978
1.167288236021824
1.072630473571132
1.0905838858183607
1.0460805651145182
1.0686970920254073
1.0376744866395085
1.221312571392061
1.1967846293093405
1.0325107275851362
1.1235473670868645
1.142295763751236
1.079447998687215
1.0768285849560562
1.5936337483259762
1.403724039712105
1.3288830056119016
1.0807774289789596
1.344609406305704
1.0904774658958467
1.1008593071317512
1.0874829219122617
1.0548599891116106
1.3832181698465917
1.186321672924536
1.1081339001276032
1.27741577753987
1.1951120100837695
1.2936624599871416
1.2003964165022363
1.0210139659603648
1.297903431243759
1.085870717061109
1.0950419423367779
1.1348751637153014
1.406508508867823
1.3412096650324634
1.1999436946544049
1.1776474826738443
1.0594063045210689
1.1219916736040976
1.2457871831170135
1.313822280456749
1.1708653867014944
1.2319784162899021
1.0520672573039629
1.2976243384105692
1.46348586076029
1.0348656471248443
1.0988142820897056
1.2531141888609703
1.5443515330382032
1.4137219219757133
1.2972989405353326
1.1650642504682676
1.3370036671422143
1.0555075354044996
1.159057606337346
1.1828067504398407
1.1302072846808515
1.0760634743778197
1.7865925462813965
1.3173489675518073
1.4423096607482992
1.2025418672081691
1.1135564900912327
1.1260626370622184
1.2504232009628946
1.212681237994559
1.2064439714951223
1.4049167458519418
1.2270174227795687
1.2202778512267967
1.1806963852997077
1.2396513796097157
1.0439258349975495
1.6157424844785122
1.1530578799733062
1.4344695025961716
1.2779315611129671
1.0748360054884123
1.2596158022011192
1.045170134063319
1.577682008570806
1.0770236464400047
1.1337013592347904
1.0556021215148859
1.2838414912229787
1.1349929211552756
1.0524819664990743
1.99548331884373
1.1588536025486553
1.1548168590065229
1.1924370313791377
1.4264818592223205
1.51983270443942
1.0680752740194526
1.3230852552742585
1.177765959814521
1.0243868159718332
1.0642867149770776
1.156984616958445
1.3763218378254436
1.1402459495478274
1.1633063935270418
1.1301812963795426
1.1965438509072308
1.1487853069421934
1.2921562043031154
1.1205192690319359
1.0466127727790704
1.2950050178713144
1.036268862374302
1.2299048632779492
1.1480472628657785
1.3293392880251436
1.538492554801311
1.2930778617899708
1.342441600358981
1.651323761884958
1.4918815566670232
1.2646345209193535
1.2020032490870702
1.1788317255900984
1.3384711917241057
1.1584685174242735
1.1124393170126088
1.1255493965311247
1.2823676910997466
1.1724871341190641
1.1089087197286525
1.1680782551368711
1.2357760463472727
1.1958490353788178
1.0297147741637247
1.3353958481428536
1.2495310269532711
1.2234095941488141
1.4072856649839238
1.123180677904544
1.122910411050547
1.060973532441618
1.3154026865877881
1.1751849645118915
1.18373428440016
1.6002323742924816
1.2445192434565069
1.0830092030696012
1.1506101200369896
1.0349911759186488
1.1602286754938784
1.301172202574106
1.0930547228571943
1.5199049846048236
1.223866261498845
1.0749326975750038
1.1497948319329248
1.6199826962889723
1.055610096803231
1.1704127810674614
1.174193492291873
1.4871948750447077
1.121461561569724
1.0691156357604825
1.1804817111960735
1.7610206801086774
1.2117958754767966
1.1783191285816548
1.2973560174229972
1.2448905959841003
1.0608419997570355
1.1309957566733226
1.2814028194478366
1.538596636884424
1.1058024829561046
1.0287382109878818
1.0960319389449216
1.2642878096664711
1.1262783151631321
1.1752046089832198
1.0821924973345336
1.0348258933351129
1.2182281497735672
1.1181971091877476
1.2880067198343754
1.2427760339734122
1.1975409137415867
1.1447040187454085
1.165414269055494
1.5134822077957062
1.0564866169371563
1.2041277572329334
1.1466630790551027
1.2013415875501456
1.1482157098264267
1.1288511532717516
1.3636690966945513
1.977785314566729
1.2014059690257186
1.0715609953072236
1.275399337020725
1.2773595957295918
1.2414374382131108
1.3218310880387931
1.1741395061262132
1.272772468178117
1.1819148883978523
1.3711692322088616
1.2363343612127413
1.233742401678482
1.170650145071537
1.0919106508855148
1.6558335260582508
1.0437385170618922
1.258050447261009
1.2310633718788966
1.1810983122641217
1.183858831907557
1.0693053720432935
1.222560368657268
1.1241168306838254
1.2339164007382972
1.2949792170559804
1.283820088411524
1.2816288788302916
1.1603749146315616
1.2664920595382878
1.149345459797489
1.3587079220816811
1.2659256704608668
1.043827134669718
1.3123448216342855
1.0886181701748123
1.309201734279333
1.2646402145834446
1.1231992179097203
1.147425317798326
1.2592937849331687
1.2298856711014694
1.106372358270382
1.2509516561457585
1.0527385095334016
1.1993756159133957
1.1392683742306318
1.1568382272723456
1.0887648480211118
1.091217087836799
1.1939811191551992
1.0968830524549376
1.2479155985774473
1.2168868306884302
1.1224527671523459
1.3059004969854298
1.0193241782979514
1.1576550793040028
1.6613022639597863
1.2203298874029838
1.0575393328224605
1.1094575597459886
1.259140765362779
1.159487495112015
1.0944895411312676
1.7192303027853018
1.0637016078634236
1.1092472196051955
1.1079790646346437
1.091077488825033
1.5332117275437114
1.2783979004395356
1.2918930489070497
1.8510667264177167
1.1946086173719204
1.2519328574206
1.0842089391414702
1.497489844068759
1.086316318074597
1.1133952327508057
1.5679049971942534
1.029246423725573
1.0982395414740533
1.170993145674484
1.5265671123458935
1.0461768574504915
1.0754604308668199
1.0836648057409344
1.202324800165795
2.1282156688807636
1.0585750116646178
1.0758433078810803
1.1068087597135419
1.2444710610671763
1.1079737992221654
1.133087130734709
1.3234220460368864
1.2335141377307914
1.0907312057802943
1.208178326245542
1.262424804526683
1.147293621566632
1.1607598805550807
1.9756058800158915
1.1277575853731219
1.1689325277928064
1.0615417491413859
1.121947191591678
1.154801239720361
1.272780542643276
1.1027392778054625
1.1970646865148404
1.3153144873097065
1.2026531089613492
1.2251922087428984
1.2172566137183767
1.0664980310970997
1.306125337404086
1.1121861632613863
1.1174144405139377
1.1194453602613594
1.1006187141016917
1.9072223756740203
1.3226680068124075
1.1180024167434301
1.1003410650605636
1.7062829193046856
1.044636151414621
1.3511972049538923
1.2245237307681995
1.1532802373141544
1.2607821409230093
1.2880879893658077
1.1075465256872454
1.1764807837018263
1.0964837183706648
1.1548473505923174
1.116983186550479
1.03566639153832
1.0825758653725899
1.588433539651621
1.1057020033663678
1.137180306947476
1.265223543796624
1.3466251140617176
1.331823253547329
1.0813972001487042
1.0195727068327864
1.1454707530473351
1.1410007898125956
1.0972655263972804
1.2222860457490448
1.0534789760848737
1.2975960125842931
1.0612079890333848
1.1160124356598045
1.1301077000291035
1.2261991164584953
1.1720199263722055
1.2485893642878363
1.417548280581322
1.1800538540661594
1.1305182344103846
1.1206939508646596
1.3535163700741975
1.3202805944486369
1.6349045270376148
1.0893358563407545
1.1043101660733183
1.198505025164393
1.0672301821349297
1.157438499616851
1.1616202500116755
1.2232906735012665
1.047057988501668
1.3010929354808205
1.1663609881341865
1.2385322938546093
1.2318107667344984
1.2296090132910686
1.1095106892255526
1.1620573487934815
1.0168746333456697
1.065387005887147
1.125518260681656
1.2007957393226645
1.3228284601507112
1.4459069816207983
1.1439360398687375
1.1330673026194318
1.0336600307827457
1.1280099728308361
1.2262791710133978
1.1040005466221827
1.2398372698009499
1.3070692845816327
1.164159647784504
1.2544655434721361
1.0987438093514474
1.4887724190989087
1.6165642084181555
1.1438687411364081
1.1726615060461556
1.2151421010005419
1.1855967253656248
1.0187534723813527
1.1342163150384486
1.2000784235437687
1.0675375554010933
1.2039567285365365
1.0541739965513985
1.643698900202064
1.6976071222780147
1.7697229886197265
1.213191682699713
1.1597994327111611
1.3443081449331296
1.108501100069171
1.3553609545782774
1.1842160836613231
1.2150692682365523
1.0740343869146256
1.1398093994308098
1.113228650802419
1.0805590787452088
1.1443582510578278
1.2372806345222231
1.4862126039355033
1.1083677092633253
1.176016085591089
1.1220655873812664
1.076555023923445
1.111851254081211
1.2453787036892112
1.2753418237062415
1.171097400282998
1.0953403194648699
1.047075039575069
1.2675409255443797
1.122088496362706
1.0286131837124433
1.3566240399942038
1.2663157568561676
1.1346746824309515
1.3217965620079004
1.915026781975947
1.193673518273382
1.0359669522954476
1.2713616787831203
1.1318425088977575
1.0508390910965257
1.2553736960184125
1.1176326382602961
1.313231337355896
1.143078675938917
1.048380394114128
1.1599731949328655
1.35113608174754
1.086080964749961
1.2203888627955843
1.1109704152544857
1.221378076556306
1.411684181545648
1.2497201875475474
1.3915543049489718
1.588976411443914
1.1556038524303813
1.1429429525742538
1.1339842587528708
1.120706429472386
1.0652415521998615
1.2610555500816485
1.0701401654217315
1.0968229256732123
1.309146576845454
1.2708225983138333
1.0502361652607686
1.098964935994182
1.4211817310402415
1.2219546494455058
1.0423972168677855
1.104027104878997
1.2483561190217134
1.1216425472070413
1.2294892923287977
1.4274514222494679
1.4735567702339853
1.148828627054217
1.244256813755478
1.2056280978459715
1.1233596979279372
1.188782355163652
1.3181049069373942
1.1476496653549537
1.2179254584894499
1.2673123738875534
1.3794256003961378
1.4528638318173757
1.247202975114375
1.1329713045143484
1.1756221106186155
1.238887525098156
1.1237024086889809
1.204252981478611
1.062368358830128
1.5391233753069526
1.233430216616397
1.0221196873320093
1.1556109060657134
1.022140649976764
1.0991923934137267
1.061249518146002
1.1960314048788365
1.171538153918735
1.5674941270070197
1.1262679960315376
1.1891978202569613
1.034302815533746
1.0408597030328135
1.5432618548671597
1.1438562756801818
1.0469351641360436
1.4100714396257783
1.3510096285437865
1.2044791680827285
1.154996167012974
1.0549307790526847
1.049509115679952
1.0982192998559746
1.1311447624237672
1.2569853005742788
1.2117242294705404
1.0614667526619765
1.2211728890125537
1.1800449029316615
1.0226886126666381
1.012668702269734
1.0920733702465415
1.1865591976863659
1.247009157938153
1.1576171759104898
1.0468662330442347
1.3890439983403728
1.2001927356996995
1.8095986753526954
1.0856676033830197
1.0882619406371437
1.5059159560600146
1.2488342336083937
1.1203018991356681
1.0886570287796744
1.1884234636083089
1.1174776929683874
1.1192348062318633
1.1223173480387352
1.1434712462991579
1.3270096054720066
1.1752454029162094
1.2041113263008876
1.378123972671976
1.0702636660781708
1.1109624811619099
1.1152301499720476
1.38062586284381
1.0930462063560542
1.320023724570563
1.1987894239559516
1.5678555882179075
1.896776514449544
1.3053202853587271
1.188406037073526
1.2000819273406897
1.1408178611197453
1.4842309643338172
1.1589639869128925
1.0743459035132135
1.1593606341853626
1.188587670371354
1.194507596622833
1.2255620346681844
1.120531509766185
1.1009200554612302
1.0346981405039066
1.28405598998493
1.0761809541995864
1.044608310027763
1.137022923297231
1.1107862517068074
1.1797942380173247
1.1726510488060766
1.1503572671065225
1.051417145515792
1.1281590161223634
1.2755779417162108
1.2075141872719903
1.1605210275718758
1.1537297823132966
1.383260954729179
1.04686666959682
1.1761936951540866
1.3992880373633225
1.2135617244642931
1.0746247389822328
1.2229907712697132
1.5612774748283114
1.174567158223274
1.0718725791062442
1.1393874443323067
1.1972348448225854
1.2843612721948214
1.2850957072065474
1.123396812999039
1.2507258168499247
1.1460820797184792
1.0764534150793563
1.253420301103357
1.5608853867044832
1.2472810268730128
1.1681082304992643
1.4764260240575446
1.2294299440041614
1.1948996795686024
1.6227823713574696
1.1572437620389022
1.0822118979065405
1.2714978861827428
1.3160495582877891
1.0676968195288716
1.5147780780485842
1.1754508408296267
1.278334876054529
1.2148342574450077
1.3389551248312317
1.3308043906261433
1.1344937818338012
1.146600394859894
1.1423846140120695
1.1113311283165634
1.155057715122604
1.2630672302416461
1.421186440677966
1.1967863913814616
1.348690791949265
1.0280425694105986
1.1158557028827247
1.0208879899507726
1.255910096842165
1.212114963857533
1.185785646877057
1.2116389820979674
1.4676107855811844
1.206416289390932
1.2140233181228284
1.26468120609669
1.2949716171756067
1.1720257474599567
1.2002555487111135
1.1499416107993397
1.0542541525345936
1.336219700971186
1.4066180694992159
1.0847641867507705
1.2543097212362408
1.0554220714176752
1.3697364397386786
1.1434525871164247
1.1586668195703858
1.1627471293210818
1.1463941847699306
1.1986623569209827
1.4016564412211228
1.1512741539711404
1.1966695381055847
1.1370373374592662
1.2653635576356426
1.1178528491810118
1.1884689161341915
1.4437884793792695
1.164296550608124
1.0532911456879746
1.2463569132836148
1.1148957794893488
1.0406297338238477
1.1656296091082303
1.4242188999180085
1.1857833371436037
1.3012258670791728
1.20050903135146
1.221302977748424
1.7926095090566951
1.1192438218721525
1.2717717763273186
1.4645710091109285
1.1259850414068295
1.145702946175958
1.1516523274676058
1.590065264684554
1.2579333796779035
1.1104924598775576
1.1896661649503573
1.2281734499787467
1.0086132538982782
1.060655089772001
1.1294468669725775
1.107681188752856
1.0339609697079335
1.0597032306962149
1.3934456180107115
1.4557686278215822
1.2111753670480068
1.1723926312009776
1.276172204826119
1.1786147469316763
1.407058701131898
1.1625702782435596
1.0908563598611263
1.1301105807447598
1.1074716744487119
1.1791558432749567
1.361707732092224
1.0546330684171592
1.2792177355818612
1.2422875941647846
1.060676334030196
1.050054884120496
1.1779684501164216
1.134612825710909
1.0183766629688458
1.1871869252568825
1.089841263985881
1.1350387370267505
1.2436084850410722
1.0728202607101691
1.2240704374331386
1.5565812565922188
2.219560768261965
1.3904456641053786
1.1936084720131337
1.2351270148774254
1.090186694389169
1.030588064408017
1.030379240012636
1.2004085709312382
1.2630915415684167
1.1688048988793733
1.1123774920107459
1.2120114221928033
1.0909342809914644
1.1249831957268739
1.1803480425491313
1.3469101144987539
1.1808589801932403
1.0892198832403475
1.2560585718287274
1.0618123238584196
1.0974948763364927
1.1990286794216556
1.0980559496810216
1.1899916662992323
1.2341018193055522
1.2284811054856253
1.1643598073724901
1.2517251444129012
1.2576843502020931
1.1037447913037004
1.2944325508012113
1.1201671441044228
1.5042632028991407
1.1345441925034705
1.1899102536292598
1.1009286820758806
1.214452517068922
1.3277640838938445
1.209567254288568
1.2211970664774072
1.0373537215243906
1.306311514719512
1.9010162572849298
1.1286087714264301
1.2697925690729137
1.223469133420954
1.0766715500941777
1.1255599632936655
1.0559427744395506
1.0798724047295236
1.1297966625962244
1.2674779251194732
1.1388058809051649
1.0941673883534437
1.1467421262461321
1.1168751592471926
1.1709999781329952
1.074359257829875
1.220766078895557
1.1672395122180894
1.4252924788590233
1.1878779144500553
1.1901893552149692
1.1365488633572831
1.1147918439317666
1.1022407607521207
1.1325114320241019
1.4921349026565496
1.1637164521106182
1.4619933099678535
1.3289666297695253
1.1068121148205516
1.1773160930125224
1.2595456230471853
1.1825174579063422
1.0556577236313647
1.174385348062239
1.2622744117023659
1.870758944448396
1.356595312545501
1.2024065239377582
1.3186045591261675
1.1693371682452018
1.244645781787436
1.318129617814481
1.1046823603327218
1.187393002766732
1.9608345343080518
1.218380602759991
1.0672564869788768
1.1047755368926906
2.2896684781355447
1.1942882478651087
1.0968427205008375
1.1713152655783063
1.1050186993709157
1.0747804735792088
1.5680186907654807
1.0753331938845248
1.2113110696116367
1.1579264173156936
1.1389761680505053
1.1659693845887265
1.0912249286349234
1.3211058654441175
1.122353683247713
1.0104310361822009
1.2758015364220756
1.1340759082527496
1.1694820631911682
1.2073226094650962
1.0201283326345743
1.0881375309651604
1.0223616651263363
1.2022663585151498
1.2067571474305376
1.228529183721308
1.1207128814888876
1.224178679207443
1.1841373022278963
1.176346996795708
1.1247150774754733
1.1291730583344393
1.1072039778082647
1.075651554028717
1.3605371016670311
1.299071601747661
1.3068607821864717
1.1079208427892688
1.094901127605993
1.269810726970283
1.280567907477085
1.2284611405149428
1.2607813344662386
1.3230732324694554
1.386348675274881
1.015780658772196
1.160897915217219
1.4714377409068478
1.4654649675493865
1.304855570573347
1.1511123349904062
1.1046420843575764
1.1221577260810056
1.090168647959076
1.265968841814833
1.3183651724679504
1.0515961951670045
1.0865437843920702
1.0986439155625738
1.2049558030056993
1.2339580550088423
1.338177112688697
1.0843890838571741
1.1459638938316994
1.6466417737729704
1.1830870005525211
1.2319921618673975
1.2613895800002963
1.057785069762803
1.1595488259492153
1.434916264480652
1.1701965009284236
1.2838313902554352
1.2172794360519124
1.1904371459929433
1.0992239404832826
1.3167779440817917
1.2804296461606468
1.0610278383450362
1.016755608083127
1.2042270720116564
1.274913060619911
1.3047818379149014
1.065939606685011
1.3558429534473282
1.0897747966454396
1.2326644492949825
1.2340808988368923
1.4209086489923792
1.1329312030458942
1.0539984079243008
1.3687323733909176
1.1627221007245756
1.1155477353989518
1.2877806694747895
1.098995857273487
1.2033636677802098
1.18340279499876
1.5657700088443651
1.057102710884592
1.1740597956303849
1.2810161911327067
1.9256496403014254
1.3871891202179254
1.163860069933096
1.3434380770697847
1.532591348673241
1.155169309638971
1.267077888170445
1.11915401653794
1.1437983385849326
1.131381424396952
1.384462299056442
1.094109827168909
1.4922388177964423
1.3596388235755044
1.0335345394345266
1.1714853380344112
1.1224818886319592
1.1239170843885844
1.1989051115956537
1.2310910411228568
1.1722199285098818
1.3725378935095218
1.1872847907945094
1.135884872845067
1.192593666240612
1.2604258535643398
1.2923091469773809
1.11122952397181
1.2748506807896038
1.3647691929939434
1.4383111034504554
1.0739302023253816
1.2190335770839031
1.166997587355736
1.3405610457202783
1.1717165527149862
1.181234612549205
1.058486400479034
1.2484093504193234
1.0408051977805148
1.1824800639076143
1.3892392486591119
1.1564570945017671
1.3105278939921166
1.095515174048427
1.0487131163260859
1.8514892087656893
1.2603570582669261
1.3739513441612363
1.1263365484933332
1.1978754382991743
1.229909245973746
1.0702590533192762
1.1483469513345668
1.0590052047288632
1.1557854370666074
1.2732640112795206
1.3664355973509013
1.120701175395482
1.031091447938831
1.2319405248970852
1.158697295819868
1.4852421973702918
1.0650226534180316
1.0159713654241616
1.093437264602183
1.1967609513191944
1.1632913960898426
1.628349337326469
1.2231123460316733
1.1481637611144697
1.2680498848368273
1.1738418591661843
1.1700776855964425
1.0441710837786495
1.070979056452153
1.050259120289432
1.3621520918537902
1.2525596146564015
1.200337331680509
1.1200074432274478
1.0853585194844464
1.030528317652444
1.0560742053065497
1.0342134369120146
1.2528895052716762
1.1911490767243569
1.2306703412368734
1.3804638678933063
1.1192338906052246
1.4172653518465872
1.1508586712773146
1.1663504700737826
1.3412551893189009
1.0805496446719445
1.188418698805893
1.248511217778152
1.1692776280057458
1.1611091043475361
1.1173504227580098
1.072576648347964
1.1224827050657433
1.1299208552797437
1.4874308338103417
1.0290081784716953
1.5454520048347995
1.3894681966392295
2.6574339382362306
1.0808826121079198
1.348729648760898
1.1183714293489222
1.1952226544768916
1.3217663618756061
1.4214520008801796
1.5168053370528352
1.111132970954605
1.0289868445464463
1.2591318420767894
1.127142727116433
1.0445833981785562
1.059755992909614
1.133991211125749
1.1632835224887104
1.0820220590360285
1.0425508442818152
1.292885021398527
1.176066194080728
1.2005474085868277
1.591967754133865
1.1727340138756697
1.129280717276923
1.0246575124293367
1.2327156334231806
1.039836294503788
1.3073660817630448
1.2665114266593278
1.478871878608109
1.125819886297746
1.2993706808739083
1.1492469520263884
1.0308544573140428
1.2971837319467039
1.1662339141518276
1.2706985889330011
1.4613165033924078
1.0933596702369432
1.1413355425589513
1.066330885572279
1.0994781609226967
1.0412207280195678
1.3343003662245556
1.1878697984205506
1.1086062279548743
1.2543504159529868
1.2298641827847854
1.216513903763075
1.315798812547461
1.1304924515691142
1.2652783374397776
1.085494900402211
1.105966593452597
1.3028980827752163
1.1883883616272333
1.1030311592219466
2.0936971510342137
1.144420202755922
1.6391172796585272
1.1756608641708823
1.228507923517595
1.0773865494619246
1.4042575267207766
1.5923489914540132
1.337813223797138
1.474490814696486
1.1365695172254562
1.5430201844989355
1.2325000096642988
1.072587115002267
1.3246978797308055
1.3488351994166057
1.0330147044854014
1.2562450035589168
1.184958810930671
1.0542286954922246
1.2434520147035582
1.0817661562713312
1.1682390812301644
1.2528129305945073
1.159216516765134
1.0947232675953293
1.1687186421335198
1.1326897906952114
1.2454741261701046
1.1471799753062202
1.2542575610867461
1.164635008100871
1.1936387069229746
1.6137906252495409
1.476022416300759
1.1092050825960993
1.301910875215693
1.269932940564589
1.1501112966380114
1.2488307086180905
1.1022644515269564
1.3497128273983157
1.0101267734438582
1.3392326450581096
1.117988632426076
1.166891234456866
1.1512659823181919
1.2530703801489387
1.201512415393968
1.0556925019163645
1.0320941003884327
1.1103491788892976
1.082714916154561
1.0306204189156003
1.1443395348924938
1.1048761169541743
1.0341588281623904
1.198472732512067
1.1290404417924933
1.2523929545329433
1.22899551941894
1.1753609787403159
1.1966541312108836
1.1047998949737245
1.2678743244278086
1.199579590281748
1.3331243610519343
1.3752816836993487
1.1374052344912113
1.1360672610180336
1.1923154571991283
1.3922741864461226
1.1303621669305608
1.2038610686076523
1.1363370058518558
1.1419520590656256
1.395648478120411
1.1662402575360762
1.2935092180546728
1.0252329694446691
1.1324200615448945
1.1247720064249487
1.2303490767459972
1.420028274803334
1.0843148900260542
1.2333472192255608
1.168463992200662
1.2640479695522604
1.062629321221297
1.1797820263399452
1.1746863959337444
1.135285037726885
1.2335583933410184
1.1658111086184828
1.9099269615299759
1.1650745730869774
1.11982690199932
1.162412752684182
1.7907545554604376
1.373563508178061
1.1810991747919344
1.1295741031497
1.037642673554297
1.130247154981751
1.1037165928728698
1.075173751883147
1.1907547232624915
1.238297822610885
1.1709682309473237
1.1580870767769809
1.2290321921923153
1.682207536092252
1.782430659149487
1.1559773101839521
1.1879257601327866
1.4356227945267097
1.2428132171220927
1.1391883179921203
1.0418674052471975
1.3054760400679928
1.0443334931903836
1.1641161201402246
1.1357677915310038
1.0834698173089403
1.3480174866784378
1.156018304891174
1.2234576483538764
1.2489854509285354
1.3443358889222954
1.0477725954114767
1.3657431739119554
1.2009066705746787
1.2483609323779774
1.3078800333954148
1.5777741928741065
1.1294617090950219
1.02051280731508
1.3647352657411675
1.1354032567595438
1.507071583540001
1.230440164141029
1.4547117045478049
1.631963496000058
1.1490300858434959
1.4063337103399012
1.1636423512962673
1.1768217915800978
1.15047468657134
1.1842271355824106
1.5581284318080515
1.2496382545465892
1.0861897458961491
1.0631744919073924
1.126013408043304
1.1728174120718935
1.321385905097965
1.1523119691306627
1.1140777645816342
1.1540596694381005
1.1213550274991544
1.5622940976657544
1.110880040180183
1.172019125752703
1.1411528461427518
1.148141358847015
1.2160570691386112
1.088341216144269
1.0704053764292278
1.3677986763371863
1.1887601780743566
1.1161609418396006
1.022235074490436
1.3421571637883853
1.0407144182364683
1.0780139201135788
1.0318297235183158
1.1495593298361033
1.169824529667507
1.3382954582327171
1.1660465613359876
1.147964408438204
1.188445917800611
1.2162863395353327
1.2709154552048183
1.195156285582665
1.4235082347608738
1.0838435346894608
1.0620443378184439
1.300886139198401
1.1875065475499125
1.0739174164121523
1.052950540612438
1.1634158325377268
1.1765328627004927
1.1342295634954431
1.2473829870821247
1.16245870679572
1.0205234088439505
1.3765381718045415
1.8079337673216729
1.0997571111496258
1.1565390214960531
1.1337601804922843
1.3198626086259844
1.3224160113149352
1.2173732464000995
1.2221020986088653
1.0969467257870302
1.2148323799363827
1.2104044802690654
1.5033624796286726
1.4407936196019704
1.346487545479989
1.0883427274892092
1.0673328014425307
1.1006150861430886
1.3076804358068546
1.2166709747477071
1.1751316071139082
1.2831716103395803
1.2569379637317109
1.3231994362903274
1.2668841996147966
1.2297878138653224
1.086119436901915
1.3572129746679003
1.0313544677457067
1.178681204458558
1.1369310329000264
1.0912339951888885
1.1813788540940358
1.0555701062739131
1.2314690393066823
1.1878974351866036
1.1362036552348396
1.2790018812031052
1.194062429436443
1.1814902997591878
1.0343328476758944
1.1277668693674432
1.0961362194175144
1.0586309305997574
1.3301983907389854
1.1554282395125695
1.2402265192995838
1.3167360555297776
1.144701767311726
1.6644206177454257
1.0610380735399225
1.067206026990908
1.2836115301098976
1.2104664218828212
1.9522258156568055
1.2140095496714145
1.2197735814719965
1.0436569703004706
1.1115445965200206
1.1043997362449411
1.1640649679662973
1.2677870353194596
1.1214589711307736
1.144747580667165
1.2747557825239169
1.2093300272701246
1.3394150538310907
1.3437269583468086
1.2011124671423208
1.134199214464051
1.1521484338951846
1.2522025795466905
1.0183719116506913
1.2330358486814368
1.2304447903703875
1.04019292925379
1.0667215535826444
1.2853821288098493
1.11617802787879
1.2034532616298883
1.4494832713393733
1.175627850359376
1.279057797168601
1.0249610882417632
1.1044579381307853
1.0997077396185477
1.0313803896342204
1.473046549283506
1.2166697033243243
1.070614123092658
1.227835292292566
1.1262406890245393
1.017674329610493
1.298510117347343
1.4718904169000848
1.043665022946262
1.1849443535558446
1.0785200163534345
1.4942749718247168
1.03407642148394
1.1946219581273045
1.10352098793536
1.123071483555658
1.1411326733441884
1.6879912545398696
1.1580513019650065
1.0688364469439358
1.1465044754894882
1.262287848715984
1.0353953923515815
1.6586772756751778
1.1193998828304443
1.0565906675258223
1.399182262747038
1.396398282043836
1.2448735906128279
1.2396423246019175
1.1217907506349898
1.1325569486733227
1.1142370846749885
1.1980506860287263
1.3634468505233734
1.107710569951899
1.304180351886801
1.0853385459277616
1.2593309663905303
1.2232582645927397
1.1816702769350877
1.195799366097687
1.102866865937248
1.3832465150563378
1.0520242121293655
1.2747975501528077
1.232578875171468
1.2457371500877366
1.6480540875427618
1.1518945622651506
1.2649555101993848
1.2524669813677578
1.2598069219627783
1.127341835433855
1.3157963323669573
1.2124219485819934
1.032547980774393
1.27761521248743
1.3095472311019258
1.0957162002866176
1.075074123702275
1.072407770186637
1.026605383159116
1.189303242354442
1.4263855497277622
1.1287476937084784
1.1427694436889433
1.3376553653832746
1.1360599882719589
1.2847869778558367
1.0596399375183607
1.1300859027542818
1.275847501653982
1.1204664048207635
1.078002428132211
1.0911748461874318
1.523601891622196
1.086403682941763
1.504506892895016
1.2514163171285313
1.1335073560933726
1.2808720474728956
1.2280379839759321
1.361198879086766
1.1962766323300116
1.0552180915231448
1.081785599990379
1.1534688726643108
1.1142731377506334
1.0796144673108603
1.3847636062959572
1.1756073950383212
1.6031816933788485
1.1625766144058454
1.2121118763421252
1.263259156413776
1.2155934053966697
1.4293382076702859
1.1129992031863702
1.163448711990205
1.0556364540705159
1.1900106632681249
1.1622723996249782
1.133835591376994
1.0952179198954117
1.249345841828998
1.1360557124461275
1.1486328622049247
1.215979882265531
1.248794343281789
1.2394834491474145
1.1970435243337054
1.1624092109887276
1.114213591196065
1.0938720480146134
1.3986574632746231
1.1523746395137116
1.2629937989035607
1.088915286046392
1.094544470858721
1.8513738604142558
1.295655353960108
1.359298587761999
1.0546677659699433
1.0410743643686435
1.0555348130387943
1.1461363237307582
1.1810692790554032
1.1468390817757266
1.2447711519712317
1.2520000476640758
1.2103552777075384
1.3373775334624531
1.0372198822542122
1.269627291273668
1.0902959885054464
1.0477076350185117
1.0456281156205052
1.167320643904813
1.205494305561931
1.2097750476489322
1.230997612169576
1.3173172294539486
1.0886925161756673
1.10414565747258
1.1254387037450135
1.2492275926801408
1.1035593735878286
1.1315841277203007
1.1411444235693735
1.0459827425916983
1.1066247746578033
1.0387478301266857
1.2417532704750265
1.0626849573136707
1.3345934732656834
1.2487392084239415
1.0657084307987836
1.076413138367525
1.6198633040374968
1.290746128155739
1.049608311803387
1.0557940193364148
1.284525143704132
1.1327412160666033
1.3081695386226624
1.0810456878920776
1.184315047645981
1.0715141240817554
1.1346530790453984
1.196838825704805
1.1628702696955018
1.1918110155967407
1.1985246666733635
1.0173698180661126
1.1292851494728031
1.1440984362056994
1.110858375134576
1.272671319855044
1.070374507152576
1.3227914747398326
1.216677046571288
1.155201106129541
1.4725325797995947
1.1520439397969306
1.1290497314139825
1.116046444136213
1.2201392268817237
1.2225848719106416
1.152818265985058
1.1313308643162907
1.1218125190675459
1.333079097796314
1.2318779942967208
1.3375869407713512
1.2451607425249702
1.2484431750958902
1.1048908688898371
1.3517456084986275
1.0877112693503475
1.1114553512059149
1.881025868743402
1.3254275237694806
1.1096192364598954
1.4235826219036707
1.1173535851880596
1.1944720267938482
1.1056669653218867
1.2407547180292957
1.2470608339029392
1.1009807514991683
1.4324671079911604
1.1246098591869504
1.2855114997401966
1.234653155665649
1.2436880518049738
1.2666586205782377
1.4263633426980042
1.1651134947567636
1.0918878765984543
1.1563939497263234
1.2741855376876658
1.3197916560528111
1.2345589635103895
1.0980977653926798
1.0731720665863833
1.1949195380843787
1.0997655344664434
1.3003912718418653
1.2571281931140443
1.3014007871288737
1.2116387305472058
1.4482367047039006
1.5347170291521597
1.2214296846870063
1.152376189755289
1.196933401733036
1.1943895897238317
1.0615361973016413
1.153577891059917
1.5395050629724998
1.1901051460573275
1.2693457593058666
1.205017751117096
1.2478030332906276
1.0472939270639687
1.2158143487305717
1.1193875409440153
1.1022893136634493
1.0748023293881883
1.1503532722128602
1.0761807827356444
1.4101066589537856
1.1511010953115646
1.10763527042101
1.2550369529199346
1.1253288166603863
1.4836940044898907
1.4322531257973978
1.5854943727976374
1.2118222897918447
1.9418010471204188
1.257393868279327
1.057180473853628
1.1672087766690555
1.1385715857361958
1.184452072683855
1.1863736384142816
1.0611299705394868
1.166429770467756
1.3818046641156225
1.2348079296776437
1.1566432968859373
1.1400838868681549
1.2491214019165493
1.1834627693658317
1.2868995302318533
1.3385786542686353
1.189058577188114
1.2256189771794
1.5206529389327614
1.2055719712959054
1.2521599859666968
1.2157444856176078
1.1973414112471508
1.101869149094732
1.0734400258102792
1.2561419105309501
1.0304701668334713
1.055955124581467
1.094375776772702
1.1365588259583888
1.047459465158487
1.1810059872120124
1.283934551717539
1.3285832794772268
1.1357466051912246
1.11656537190814
1.1687538727169435
1.1567369665350422
1.0812834839594687
1.0246425916654214
1.1360965149404845
1.2655758229176326
1.1196753689527388
1.194213405181484
1.1222889480005367
1.169028289324885
1.2313809472160502
1.8289164520753998
1.1227357625835617
1.187707405218252
1.121397535087846
1.037595610964248
1.5172911643095253
1.0495063916015983
1.192540768727532
1.2704511056512133
1.1606688274687151
1.4710675671390974
1.3803043795166194
1.3732076080815687
1.09198304868094
1.084869717777232
1.479675404110676
1.0593430499720724
1.2384148532691541
1.3047892411469575
1.0225505204614935
1.1762798446712177
1.216215530796152
1.4392118380206391
1.112583768882443
1.2594030071403013
1.0658839134125495
1.1410505357047593
1.4128908930861712
1.1155547083267112
1.2432510885341073
1.1076355170844085
1.0250504245531504
1.2047664276272976
1.1095029431529952
1.195354616647092
1.0944446553123157
1.4064876962025687
1.0854888126953772
1.1355065653129117
1.0934555452001424
1.134157650695518
1.0307452109052315
1.342000825742958
1.3485257757499551
1.0262947902448025
1.244275756678598
1.2647180669809792
1.2394008175857205
1.196966059533217
1.2507512185776997
1.0595846341658937
1.0608478833150998
1.1741768338040042
1.192283669664915
1.3265422579025647
1.3233930771185811
1.3098509342013998
1.1139735094031546
1.1942834257288
1.4402643171806166
1.1568887656664224
1.3382542038749823
1.0237395952876318
1.0779964793414014
1.2009682867329705
1.1053314328726318
1.1389101697278383
1.2104650190493784
1.1353535353535353
1.10277223874196
1.3096688018774176
1.1928125337646336
1.331027216041986
1.1067919208626973
1.4851784902212863
1.0828566399718385
1.4034171080663504
1.1311346201001857
1.1443298969072164
1.0264869339009104
1.1117593392935068
1.3205985736270711
1.07551111328295
1.1217006308809996
1.168249426103939
1.08919627132494
1.1691064229519748
1.1115410126896874
1.0916979530032167
1.2550132835080865
1.1944355800082378
1.1841516055097745
1.1205206019741587
1.179679094894888
1.3611921467889805
1.1222963002903275
1.0050542343350561
1.0309826936807334
1.1512230931350493
1.139532270665633
1.3084063742723382
1.0881856813269133
1.4099918569777632
1.3793167253629972
1.2847693124751653
1.122563071760773
1.2292089213171762
1.0423826469223432
1.2120074211987106
1.1368550242586488
1.2246334991361505
1.2209450485297655
1.1943663571362968
1.1402829735845605
1.1100851814150703
1.0793888749601406
1.1684092830154276
1.2710092548841672
1.1671212859216582
1.054790376010211
1.2956718698998342
1.136723355429615
1.0772646073114287
1.2500633552965028
1.3968976592594615
1.020936982542507
1.283496884303031
1.0998258236939227
1.0598643367058158
1.1198831606242214
1.2502439171128408
1.4004834432423554
1.3906432770661714
1.1107818982890745
1.0912492823177722
1.4196685728597072
1.1961430772544275
1.3658317748545787
1.396544970512923
1.1551676397346728
1.1389578115622911
1.142160079578031
1.1538752476581582
1.1696307137763202
1.3479260946728988
1.2574370700162754
1.3033543162181118
1.1929728663265238
1.1238893738087388
1.2859556452030834
1.0885296695680535
1.0888423736420938
1.1459090550681792
1.1394041707255718
1.3055979308518655
1.1378343492170584
1.9297803224705934
1.0584340514976354
1.1400529563792763
1.4320952295712879
1.1681539347651393
1.1937677230801436
1.1074162802196692
1.0517737370706952
1.2444086375972174
1.1789869067351997
1.0899714645308585
1.1160403747901524
1.16294006832385
1.363993136455357
1.1217046694618347
1.3546956427963326
1.1291363714227194
1.139779548184804
1.103360998120209
1.133072968372546
1.0852110404727071
1.3034223892448067
1.1262730892183563
1.0918116503161719
1.072315513204952
1.1193896430679604
1.0481894493472808
1.3190201148791
1.5890869800108047
1.1205850473194
1.4647306356696284
1.1776740666582357
1.0241061537767049
1.2982364556790267
1.331642882679156
1.13647115013242
1.0762900256656882
1.2626917280154026
1.0905145221529946
1.4955719396213247
1.1662683733263497
1.355851062568452
1.4759158990225723
1.1174711303558473
1.0846657027861974
1.1086714126425938
1.3146949223318964
1.2505961120230675
1.2257786331458695
1.1815849502864282
1.148383856583971
1.133184105104833
1.38220274111871
1.300040944604492
1.1444131569509912
1.0350239642453107
1.1717888657888933
1.1090939662102326
1.3527857553556781
1.408874702889765
1.2279972199076987
1.0865463317914485
1.107091693938785
1.4257375208411311
1.3503132268305522
1.2534690524009495
1.1315368706442586
1.074045001561516
1.1195669046709071
1.4142773517668457
1.072092182790531
1.4101416648363718
1.2657333474092451
1.0959167418661786
1.2903553003557688
1.1783495134572375
1.363344956970455
1.0919001583609829
1.0692400752913458
1.3065813774120278
1.1910430400504926
1.1130277792791083
1.1603317094358083
1.1129743167537454
1.1319362922907241
1.1535135107935315
1.5530295748021405
1.227161153060322
1.03776042288027
1.0929317302012576
1.376835147768721
1.205158264947245
1.2949046205404262
1.1579590648779756
1.3726228215206036
1.1127818562613716
1.3005805448893764
1.5863590403529735
1.100398195263736
1.3800444069871523
1.3117462844969534
1.1717438187525384
1.0920989165537622
1.1304036382122025
1.0507775867112732
1.0816021881221767
1.0537604183317746
1.1642267622910092
1.203759508802013
1.114356222690122
1.0690323417085408
1.1357190747535717
1.3198446182342045
1.10376867593124
1.2396839863829892
1.1301121779250405
1.0249498763447158
1.2176211995148212
1.0267444973365807
1.115466073896496
1.250760975455202
1.1511409648295796
1.5160513251050662
1.0565549645477537
1.2511809712447746
1.2450537682454905
1.0394440823097444
1.1470851595268392
1.1276278408421738
1.2257287837208097
1.2238634399470332
1.317166850539165
1.0615837188207553
1.1827755480185256
1.1468732258836472
1.202049236859279
1.1368605290320692
1.0194979338396086
1.1570121649601692
1.222837737819411
1.144099305849248
1.0319942477689923
1.131245492192115
1.1000146806876816
1.1397760486492359
1.2957524681283252
1.075188629428401
1.2048510930999583
1.2526630646925017
1.1569308565605805
1.2879303946229022
1.1083808386978522
1.9821058272559935
1.1212888515139063
1.0637133513781196
1.139051452801565
1.100719431237349
1.257786805720663
1.1373464280009518
1.1031548877421626
1.1174947570100717
1.2340170778586508
1.2726015266871191
1.0362249011779976
1.1535185278232842
1.2676758851005205
1.0046909237278379
1.4479163350922877
1.0926766982916067
1.2056143892357893
1.2406034443526253
1.147545450541328
1.2035352064675644
1.2407074871960524
1.4819978427255143
1.1970665879599043
1.5676149367015269
1.1410522027587338
1.2750804787411056
1.1967365840370663
1.2891177244863246
1.1059455472934105
1.2655668867749506
1.290700820537336
1.2031801639676056
1.3609052607993708
1.2394539716213677
1.106973155086162
1.3374183925803917
1.127293608522153
1.19623646408814
1.0226615882527255
1.5877265025720788
1.3099380948387187
1.0984338808195477
1.2909386964749372
1.0472654376993387
1.106181910494763
1.1815615434925126
1.2323133733506497
1.1333420097254499
1.352707212619634
1.1637693867248127
1.0592639614462598
1.0607271866119374
1.2532029315780706
1.1727676135370018
1.1861747224810273
1.182476523473675
1.091640663252268
1.0529507352932383
1.1521418911826469
1.104138218161721
1.3213614480924953
1.2527875125224606
1.178986232687561
1.0903746193926454
1.2860612870444572
1.172457777868648
1.0427698090190791
1.2205105277069157
1.1974742727508245
1.1063156195170676
2.0679637292015136
1.5004921817139454
1.1634375515756352
1.186614027189503
1.2078651980949562
1.0525835359894522
1.1102233885188497
1.257927305072289
1.381967367194627
1.3685343204243916
2.181833421809952
1.9427266887727643
1.178734839131382
1.1959097031999446
1.1474083189216322
1.1768122329544153
1.1746484692734005
1.1166263889725183
1.1915919412548859
1.1244390550829269
1.3200248736387263
1.2801864588966838
1.4688699882898744
1.1661360746982539
1.1865790125766698
1.0372448543276922
1.2340087437688547
1.6011720447228306
1.1281529133376447
1.4410868189589972
1.2997785953554997
1.1318280586806164
1.0033300081738168
1.0833115880763613
1.1972856018882767
1.1511478136277689
1.0789181067994151
1.3480921691402783
1.0966904483078483
1.0382943454772797
1.4601945539398107
1.1146504376237474
1.2106162840641488
1.3094183778822988
1.3881969738054503
1.1410436014481349
1.1055693792340422
1.0706667558306457
1.1185616167291517
1.018857398230199
1.1713053115699426
1.0847677081552431
1.2187628784295106
1.226656931585028
1.360905645769309
1.051816443293523
1.029908544967317
1.1845466406335987
1.1070738883997624
1.0750695220804007
1.1130130662571815
1.0815494581959713
1.3759854243571268
1.0583963077376042
1.1326488303424114
1.176278526934202
1.0166203014752468
1.1066823638651688
1.1792648324079744
1.0761746761772812
1.190502972184551
1.146436422527468
1.2453483911617569
1.4030767952474186
1.4803242264501941
1.2134458233787275
1.0285347877304025
1.131197313602715
1.1093961903366518
1.065490995676343
1.3130434288337225
1.0768299244171533
1.3492151601409412
1.0547649815968994
1.1419904540254826
1.170483849455814
1.0879598261679495
1.1324893089259953
1.3111763075131395
1.2086916790345037
1.4552714793244363
1.1602423751645503
1.1184229063681028
1.091972157156977
1.0770840151949872
1.0603767732239078
1.3039986528143863
1.102043692549332
