1.0011821203728608
1.004294727585251
1.0894680594394759
1.0432683393474427
1.0675830224766745
1.0190548212560673
1.021921425156498
1.0149449479589827
1.0934607832998149
1.0892822915325322
1.0545863754426836
1.0550282479625297
1.0873208018639946
1.0544049584118176
1.0275966553678026
1.0042943795022652
1.007341381549234
1.0375519983663426
1.0262255146809018
1.0181875990465221
1.0241553296972452
1.017491272636196
1.0460121416864703
1.0291051798664794
1.0089833874384029
1.0489135956370816
1.0155707707108428
1.022360908777694
1.0281292729606515
1.0139325900860943
1.001455419202398
1.017431263963243
1.015030964597938
1.0132793499553407
1.02871195629631
1.0281429499292796
1.0046843876820761
1.0293114677895099
1.108136789089386
1.0489425830209733
1.0189058707783423
1.0167739414274184
1.0296778773802238
1.0083876661072246
1.0075152156540437
1.0164992759862415
1.0065525586424444
1.0478552171740831
1.0498707533189817
1.0146968229954771
1.050013257944343
1.162378121980447
1.0133415357105673
1.0437032738201202
1.0372655327555644
1.0446616455482753
1.0200347957744667
1.0214648536634972
1.0415281147281483
1.0122832787159302
1.0191175306163154
1.0999039564864852
1.0695558044573679
1.2136544670084952
1.29132526062593
1.2851780817583534
1.2797648134610518
1.3749894329543255
1.223616400675906
1.1903269724293881
1.1279762940319022
1.1490119290007195
1.1648090123274886
1.1994722199111447
1.15054587084619
1.0345611277009479
1.01192536408557
1.033027213383501
1.0031028204426553
1.0025776173973115
1.0175003398164884
1.0008691527933669
1.0330865788776407
1.0252357212075527
1.005178081103891
1.0428253924183355
1.0482810486821
1.032082437473167
1.0301576357442006
1.0474224830928895
1.019867257981892
1.0264716728861003
1.0362336147032916
1.0007655897650838
1.0165791639198234
1.0457417288901794
1.0033889138962608
1.0421596842957435
1.0282702340683043
1.0594901715522311
1.0104910115606405
1.0331479492253781
1.052633105067336
1.0448851532949015
1.029175557238441
1.0388073204647972
1.0623208052126731
1.0398518130975987
1.0279864706966642
1.0130867176450253
1.0247577980068796
1.0349693741789447
1.0596541638244346
1.0218036526946024
1.0579675737825154
1.0219939662960715
1.0392533636349455
1.0410308812079123
1.032075941714265
1.0543122474291025
1.000325607276353
1.0678077225865883
1.0086108908602707
1.0465082515446076
1.0613157281347494
1.042641736721863
1.0913498960956183
1.0180108109398234
1.1976936022282691
1.0841011567588095
1.218811150827596
1.1909582087725112
1.2151556496162095
1.0602780180952283
1.1291913310778303
1.0589392900699988
1.2355318983638572
1.1476492526751505
1.1374725412262099
1.1901146827582876
1.2083903045329671
1.1554533306027388
1.1889279284326255
1.2116549622511623
1.1278775472156368
1.1360887005827112
1.1166202226834474
1.1915047845049538
1.1625113374889102
1.1435415661583812
1.0898471725852839
1.1926072525413045
1.081616328222098
1.2004755579045783
1.1505323419272953
1.056112013905868
1.1400434621890927
1.1417289243673672
1.4210857563163752
1.410280601773866
1.3801938243605463
1.4107983618833992
1.41845496410329
1.4558973348809525
1.4029081933680925
1.4409869560817345
1.4361504939595444
1.4281693086002527
1.2754028209986987
1.3631484427388376
1.0953635522099252
1.1188716950481297
1.1067368364887407
1.0794887841444027
1.3723643211441865
1.0220528017379045
1.0624677793685335
1.0049683749376774
1.0292021924026076
1.026132983944171
1.0003485396081486
1.0167810418359815
1.0620862019281492
1.0069148834741828
1.0237590199336493
1.0397365770635556
1.1373568477487863
1.0448154813437163
1.0505994007013693
1.0642462658712428
1.053308648186668
1.0318510141748938
1.0601631799371545
1.03583147943523
1.0093914454140311
1.0029948855308164
1.0204454743845206
1.100384693416044
1.0461384189934573
1.0571129668528458
1.0003894475353152
1.0247505988835266
1.0224236214505948
1.1232418276037148
1.0415688222824617
1.03385372106417
1.3407261109335884
1.054978480864041
1.076885348329256
1.0032522938968165
1.051522314796304
1.0130624303374174
1.0012993123874003
1.0172450778635411
1.0234415591141086
1.024093652515724
1.015331251596008
1.0588402771517689
1.0412239104912888
1.0318603698852846
1.038401436744517
1.0491004539072615
1.1064330116963121
1.0777405965676918
1.1390774467520255
1.2237829196413834
1.136981645213318
1.042193659561606
1.1407344309851704
1.0999504016486625
1.0102845996637155
1.0092723775742019
1.0340668991288242
1.0808482603925385
1.063091239781851
1.056526053290364
1.085909888339123
1.0898207246977845
1.1186843832386801
1.0752957874279299
1.1573850431754802
1.069148940180627
1.278375696656002
1.3427571460279741
1.2272541474353529
1.3145145548982957
1.2433317524606975
1.258422387696946
1.163594890298986
1.2146807947039255
1.3240567243437913
1.202889077959967
1.0839951250390718
1.202889916457265
1.0582406221151563
1.0952773772770674
1.1526459269125786
1.0756766591828113
1.0623577818128809
1.0964575941681078
1.2370456663258134
1.2717303320363373
1.1930179241626273
1.2297185176205974
1.2507746463162899
1.1605636569839497
1.1759527659532278
1.1450301381361976
1.142235255404714
1.1871371249469636
1.221069566134472
1.1106713780925608
1.0359250210884958
1.0219679824018304
1.0358331614632745
1.0087740272327417
1.0413600964651253
1.0456027529721907
1.023170999060045
1.0388875366112038
1.082718815745318
1.0749370331042891
1.0731844874747387
1.0557181647864229
1.0052526603958314
1.0028942270289365
1.1108476752685772
1.050687597070625
1.1064244928901439
1.223004431329448
1.2098805994746664
1.1679498008001339
1.0755110825075895
1.053181074449149
1.1054858994677175
1.0644242964309056
1.1293000230219516
1.1489225029891883
1.1972421924339212
1.1203728183629036
1.0284864813458943
1.1769525146875162
1.1968435334564294
1.122093765205998
1.13948418432199
1.2747359311997117
1.1503531606944075
1.2351584227405257
1.0731163383084923
1.0833368691489087
1.0905044397541632
1.170049359553638
1.2031918928415053
1.247307816054625
1.1584586509936132
1.1873556748779375
1.120142690035722
1.02949591216606
1.1434824702252053
1.2616229901490401
1.0822488248003637
1.1424544321230798
1.028355402312693
1.0451866242284533
1.0229519089214578
1.0402254324060176
1.0150798019711538
1.020504145977632
1.0065519629932245
1.0040725324023485
1.0701235209299744
1.080261344652486
1.0471239379375163
1.0446348030987818
1.0448658674653732
1.0838916744772966
1.0882064742091435
1.0742941075898103
1.1331137292387055
1.2874673152190241
1.142805980886461
1.0829899445399311
1.1108974715683704
1.0287283396181512
1.0723709325304893
1.10423453885724
1.05583868798791
1.0429091042479224
1.0639711663742475
1.2126399653859212
1.3372721934785936
1.3122686141457407
1.3956281770641756
1.386348319522313
1.3602425596641081
1.4010246569419245
1.3527545454365704
1.3732422910040765
1.1897895412770763
1.2342874162606257
1.261175365392496
1.128317533773878
1.0829309404430805
1.0777605803923527
1.0372560874670755
1.1358866985747598
1.0526153622874799
1.0324805155805563
1.0141648818207267
1.0320995972794675
1.007330095515907
1.0667202080721216
1.0052719926927245
1.0208496154524933
1.0197442081649557
1.0046706144877715
1.067063611848653
1.010556641855886
1.0087460435411808
1.024974161297787
1.0413393427297146
1.0315889655313848
1.0298949184488695
1.0463558608098957
1.038374136556057
1.0274222743003791
1.0170322446876103
1.017296241820517
1.0222623076790147
1.0722310062988225
1.0727424456676176
1.0967688139054375
1.0441310971332987
1.0512718272586226
1.0527629156971348
1.0980399425574685
1.0929722637702526
1.0759778121489685
1.0584805167377354
1.0661491818920747
1.0617870288405642
1.057182719880537
1.0345075117281108
1.0516076808786552
1.039386740668469
1.047463309755344
1.0504430892927685
1.025817363836086
1.0022162336696772
1.0537273014171018
1.0408302899946034
1.0543754712755904
1.0309158182456681
1.0300528080819946
1.0358240136247614
1.016814017236789
1.0233033726078884
1.0474592400827327
1.0289079327016144
1.0755522404580296
1.0115096969144501
1.020616647157569
1.0161667994544898
1.0089819349468954
1.0065451133080503
1.00946706665342
1.011111997319361
1.0149500034103418
1.0362074605284772
1.0127617729778007
1.0020515065898565
1.0034624902950775
1.0409107076159885
1.0080969936797737
1.0789158207864356
1.0608516392326413
1.09754520906184
1.0826399567625018
1.054376232336243
1.0434778564420435
1.0567520291492332
1.0342266171049648
1.105396604759176
1.07069714740024
1.0145692352239029
1.0769516641697021
1.092923689700723
1.0738002980888972
1.0828673526243344
1.2093887951722948
1.196714382512682
1.0845739156345082
1.0674520670139607
1.0983406272813119
1.1274953573239686
1.1089123375906749
1.0630602766605748
1.127950515729636
1.171403253274758
1.0432511197781738
1.100712033028354
1.0280960234371128
1.0702621956075689
1.017308741980232
1.0091484786580505
1.0206254177531306
1.0195551179692948
1.0330354194506919
1.0112599949719905
1.0102559558571216
1.0092632597154434
1.0156680388156245
1.0135987597010812
1.0062417186404382
1.0534375190498586
1.0397843967718698
1.0149754297045657
1.0376058147188123
1.0361176932743692
1.0276003669117695
1.0214268295378326
1.0022287001330137
1.0249430725933675
1.0582843138263582
1.151512095227197
1.0195805358745247
1.244314763208333
1.2746647826143318
1.1998990106490766
1.1710044702591036
1.2016883710882431
1.2044314143552186
1.1613585967024138
1.1804633113678895
1.1391356308923566
1.144469256708164
1.0875747338918547
1.0448660944384225
1.0451000920876408
1.0253287258919026
1.0050887780314637
1.0201319120762258
1.087579131898178
1.0618999538536933
1.0501186549932708
1.0549741033671116
1.053353032167998
1.0059718722321112
1.0387721202508993
1.067743630725039
1.052101379366876
1.11496102829808
1.047220838277849
1.0308827204520945
1.0433165202889867
1.061454537564215
1.0606206835840901
1.0573025094757285
1.0280272356615212
1.067893734705603
1.0411904943369563
1.0495363683704648
1.0351472250361755
1.032001840491474
1.0400701908530559
1.0441596907134625
1.0228793681466883
1.0413280685165174
1.0534069741639553
1.0651457444950094
1.0459333359070393
1.0221775363783006
1.0463745739654164
1.1195577191375472
1.0532440379239436
1.131982833714998
1.035057414778253
1.080558739557386
1.1354863019918209
1.3772822719715023
1.4048048395153294
1.162262043387846
1.1684792325815903
1.2362173519675328
1.1969460266460035
1.2728593681075753
1.267866034613563
1.179330764643082
1.2138714682455471
1.0664477636344392
1.1467706536461066
1.1447907509181718
1.0797747166322755
1.1145752172131098
1.2239826042899113
1.1158992652961834
1.0094907010973606
1.2080544961014645
1.253299758883432
1.0119444907084059
1.0003960224212913
1.0067203815718215
1.0076116469265828
1.0054132841637287
1.0091717441202148
1.0129409818283501
1.0167782801471268
1.0664767554688017
1.0393098827769163
1.0280757204135007
1.0022437886105016
1.0337149656767937
1.0450086490559805
1.0848654317514075
1.1017314261566207
1.091487157560087
1.0728769711860981
1.1267529964776852
1.1065812424928843
1.093051384440589
1.070029887567097
1.0907142741489586
1.110610500388792
1.0970329547569446
1.1181606476175443
1.0878396736927367
1.0875030035493118
1.0645682748887604
1.0793908651916646
1.0422716141265973
1.048416672790961
1.027236470338262
1.0200481258054181
1.0129457272655884
1.0070669071356455
1.0131486135556806
1.0311232778041886
1.0268071177595732
1.0019295275171545
1.0012294805899666
1.0106217883756219
1.0512970763764504
1.0382874157918374
1.0373434918794375
1.0463878436052796
1.0376651872928713
1.01520809344229
1.1003374970490682
1.0100081970411232
1.002902035592387
1.0553730923101958
1.034753627072169
1.0399734397255025
1.0015727598737707
1.0116866854420343
1.0293202834860433
1.0075047551295497
1.001859696963287
1.005647824155193
1.00125014881601
1.0282832401609168
1.0738668068743191
1.2683410476513233
1.2230901813160378
1.4068145256153517
1.1427832649514578
1.1557747952116246
1.1379393479261886
1.1383164444333962
1.1889534632055576
1.2125184638019608
1.1319312744188061
1.0619480926669707
1.1010478908416206
1.0664616310936967
1.2450403838317656
1.0691554412672524
1.0775269436366033
1.1021297017180345
1.1073433468337703
1.117180927836439
1.2302426254386944
1.3955589425257402
1.15209179402532
1.1580370065146015
1.2273751497809922
1.1023442715210856
1.1068046141893078
1.109798546796232
1.1128554718618555
1.1203463428368299
1.153266890293544
1.0628567344983977
1.0625550021186316
1.041345991713915
1.0014199616162502
1.0003388751299214
1.0318249015311283
1.0450477444870814
1.0337485439588596
1.0104722934661026
1.0021499241994327
1.0000820293419859
1.0253924639856473
1.016946541378077
1.0206647849194728
1.028631556583177
1.0251528555017948
1.0067574824969319
1.0019125507275652
1.0312217340688938
1.0229458771975593
1.0214484688630399
1.0180755350382489
1.074489462955887
1.032380513453302
1.035123003235692
1.02682614450186
1.0547795760867076
1.0326424707822643
1.0451466030526284
1.1038530138935638
1.0916037079778376
1.098604875692077
1.0798872920124956
1.091774449481248
1.082457159282939
1.0841007615682576
1.0707111961324185
1.050268534532601
1.0804476886424361
1.0744973959133108
1.0590705604666513
1.0118420405258346
1.022755584578679
1.0304154134587895
1.0474290255827268
1.0680537537790227
1.0509410063946385
1.0675968393277575
1.1077484354015628
1.0768698292725565
1.0825265113308615
1.1010595351724008
1.0528523575034567
1.0172739376533644
1.0440020957087697
1.078380745016288
1.0503482065436283
1.0600777356286961
1.0360642898464576
1.072842934218532
1.05949496461528
1.0166395184211479
1.0436381284354788
1.0206577097786107
1.0490780260957058
1.0730137972817144
1.055836873094463
1.009969771632922
1.0155154696261937
1.0253390143124628
1.087442701400448
1.125352101603765
1.1079364067821942
1.122629823224497
1.0330547424002587
1.0374033312062094
1.1846433389363846
1.0481568337921974
1.0903948511574808
1.2526512172195672
1.2302534690444298
1.3254286199003351
1.3101326301613971
1.2781447479849206
1.2275646024219649
1.1608379919037641
1.1946761162692925
1.2489500406849259
1.1663565751859881
1.2261583736244168
1.0432149464373828
1.0058079543309983
1.0209657419992673
1.0221208651944913
1.037202939584029
1.0536895392870278
1.0233925499321161
1.1784431070445678
1.1842645431611198
1.0174228477524605
1.003356994422137
1.0104824320102883
1.0225304278163911
1.0036894216559256
1.057831342507297
1.0806361494210626
1.0500564468878233
1.0009304685015479
1.0530725529088338
1.0688781809212409
1.0559732222744862
1.0757639432103865
1.076836544742848
1.057540242082349
1.1039599497149715
1.09297716345314
1.0732685165399096
1.0669807529584774
1.0576088071751193
1.0110163301775477
1.0421995659890417
1.0077039598180242
1.0083603134327712
1.0100934553828886
1.017725140815044
1.0063915468923168
1.0200874987108939
1.0336829636385916
1.0178212295779385
1.025365114879
1.031540342604605
1.0413120747657305
1.0433898995549666
1.071537548027375
1.0753482317014742
1.0644622303642692
1.0412675682177681
1.0217728607288736
1.0211729848273574
1.035753010885913
1.0015168108791628
1.0177455048337105
1.0150449537798436
1.009584749968605
1.0136701435589088
1.0599894111772317
1.0622502592068233
1.1371554191078797
1.0363809732324505
1.0436786344518945
1.0228759262901668
1.0358775480646778
1.1753981806764622
1.123350994562411
1.0420624759074275
1.1056148316049843
1.0758222959619872
1.0772660945701915
1.1066944019740579
1.135674338855717
1.0854065832142024
1.0956010635967655
1.2043905450715728
1.2187010811713157
1.1698386638653016
1.1417146948087158
1.0337805157437197
1.0961849143270275
1.0353779022762506
1.1438573517144233
1.1496093765304034
1.3104524538248705
1.2747568506188178
1.1806138622931146
1.233008010359343
1.2368560130378077
1.2785446300742602
1.2676299058093186
1.2514541972894606
1.2760968889087299
1.2788747106956009
1.270108042238326
1.3543460664394273
1.1974201994707192
1.2186140375379864
1.1804381887473638
1.0541272451787356
1.0004076989988173
1.0190878221106547
1.0088441741583138
1.079384187236632
1.0195972295980735
1.0223216291393762
1.0820443940647584
1.0255810024423362
1.006569425284909
1.0248082929989077
1.0137908981481425
1.0633638579272515
1.0706529126058013
1.14961424241707
1.0880623358080057
1.1022017064117218
1.233561039070003
1.091467759591029
1.1519190302078515
1.1432741935737332
1.1241982169860285
1.0826408577194335
1.0322929656555242
1.0297198576312987
1.043553899287314
1.0446466501153946
1.0489541280143144
1.0013771747289832
1.0509937105260858
1.049105750558935
1.01327812996944
1.022976415392419
1.041303068154289
1.027945642378432
1.0617801026672793
1.0271843347670826
1.0547571161946023
1.0576291360048233
1.0766511175516882
1.0155715491609552
1.019452573837503
1.012974084161925
1.0419109501054395
1.0552598663585648
1.0436450033543372
1.0490475546981055
1.050650136393658
1.037542386538837
1.0684114540858172
1.1005195038194258
1.0184616437266112
1.0537623476107927
1.0503926281933034
1.0105583541870309
1.0189390066125767
1.1574595433521015
1.0602133772630986
1.0439942491201788
1.388942703835873
1.04060219985584
1.10013041793218
1.0395972502250739
1.104449214627504
1.002996729488851
1.0656242687561186
1.0419606765920286
1.2023749575356943
1.0959027453526584
1.0815504922348678
1.0540175392709474
1.0509767164723358
1.0858230238284863
1.1198994953163324
1.1175346007738327
1.072626296603229
1.0739773325482826
1.04958882234477
1.123013206902582
1.035871175987313
1.0058369362979436
1.0182170124262464
1.0492141549657996
1.0059453970005514
1.05583496102688
1.0557505377217757
1.039753069646103
1.1055638795380933
1.0732511511864806
1.0719064227602415
1.1026433255193206
1.1679188104529157
1.1750970178082045
1.1194305596195613
1.1238297700035815
1.1474321522835815
1.022117634238326
1.0328704761619647
1.041086002769048
1.0313498824979808
1.0515573752476512
1.034996670863806
1.021845561268087
1.0131864953023073
1.0007869157904667
1.0074784801385794
1.005429762039941
1.0044362091585888
1.0165554762608136
1.0405986449262283
1.0526199544289396
1.0433456570689863
1.0408457195934278
1.0271491049851493
1.0462462393446847
1.031823116401692
1.0659516456881168
1.0445884545848079
1.0562148009472292
1.043345314428954
1.05041376613656
1.0621323480576619
1.0555194346234058
1.0839352797346762
1.0539356565952018
1.0355838707679554
1.043187839122677
1.0424051023112566
1.005387555393635
1.0073673631545426
1.0061791238569966
1.0610572608041162
1.0619956202761291
1.0762644959788696
1.0571421169362314
1.037712462075923
1.0681177565009021
1.0617837195650766
1.0552086655776614
1.084388171423237
1.0671211959373967
1.0445006486509019
1.0958232395080227
1.0242390821772918
1.0135433442539672
1.0243249952586153
1.0289173760509642
1.0470215988927694
1.0546015927478276
1.1229190753077882
1.0610851972134951
1.0754283231968895
1.0313447155902427
1.076342412289688
1.086588318913447
1.0746128488254496
1.073593384310642
1.0618421678567715
1.0022042778737603
1.039073914484552
1.0208613392029477
1.000531228602607
1.0052335982531155
1.1006916528747066
1.0090900214222467
1.1076171604608018
1.0270208531954492
1.09429737925763
1.099146655003359
1.0999503017593675
1.0703773014266165
1.0504433921068677
1.0197135090525589
1.034160280476321
1.0281846844451774
1.1393752732115416
1.0514020487652185
1.0661248468200313
1.0032857872965772
1.0373149524399536
1.0314602580849395
1.0852170518419413
1.067208037777081
1.1438388365026626
1.1132228399732271
1.0308587799486542
1.4245424266249036
1.2780896603798189
1.0812067786297712
1.0297871521275688
1.0376832968252705
1.0384881777804145
1.0700356679197893
1.0746272389684153
1.07878449502907
1.1291795466829417
1.067435979788012
1.108113296181067
1.1590031523618194
1.0870311832664679
1.0875942508088172
1.0712177361417903
1.069366453277168
1.0425758547021542
1.0720271043977794
1.0304652724792498
1.0484973068026218
1.0305599582581817
1.0535915964793405
1.323924682582557
1.0125958427983772
1.014112252801239
1.0376535070486348
1.0418732242012227
1.0469870945618858
1.023958318747164
1.0000414862899154
1.0294835517584928
1.0385092367983866
1.042111827508599
1.018857274999422
1.0639075014797938
1.0573614965931084
1.0612914785902041
1.0689073671963345
1.0079618997563171
1.0034211330496732
1.0184521799717408
1.0074534295289979
1.0175198822630624
1.0254432068923627
1.011986435062993
1.0050319343673024
1.0012482478219777
1.0112602529732557
1.0112974618184944
1.0156749171921848
1.0368836783077813
1.0146855628939266
1.0050130884572184
1.0479827249607954
1.0419261847672903
1.0315091186557466
1.0071765317762844
1.0794304520292752
1.0575013848032406
1.0901228009742274
1.094296515939444
1.1180704752241053
1.0837385047799137
1.0982309383974864
1.0707850778167907
1.0674242440870865
1.1376583896633967
1.0818905571010389
1.1426545395736414
1.0179995546932101
1.019332209589809
1.0375989326483983
1.0370164227489755
1.0125583506787375
1.02263445343114
1.0131119577079015
1.0057015453073634
1.0322868761774886
1.0533563930130994
1.0493901049947718
1.0706698917354733
1.0738989019062546
1.1182524058572505
1.0824691233126698
1.0875075573890856
1.0655275043013264
1.085906625629192
1.0987203525467992
1.1089612394004689
1.1057091494316504
1.0936118251798366
1.0369202026291338
1.0096131768376573
1.0109631230398934
1.0063644863145615
1.0302951372042053
1.0685746674630345
1.0170204833163239
1.2364143903953106
1.1858894990952908
1.0268019490196296
1.0271268251006016
1.016922307390842
1.0311570408596866
1.0193335464992603
1.0282228026031208
1.0695361763044842
1.033722737671819
1.0250849827098265
1.0596989194151172
1.028694405221848
1.031630729415104
1.0513815500216284
1.00839731661494
1.0317625082988666
1.0668778209551815
1.0109798293195724
1.052153067553448
1.0194618811487317
1.0686338139200204
1.0679345296504525
1.0486232490942549
1.0453078119809962
1.0738361664673137
1.066692474811696
1.0510184752422114
1.076545606542253
1.0692086220790653
1.0439766003236979
1.0970866544250626
1.127809431129915
1.085128241537936
1.0887267762878816
1.0835316588855994
1.04369942718634
1.0821407350199963
1.0701554316730661
1.0632717302352017
1.0606007255174796
1.0654972686848745
1.0555843978179948
1.0599067099007324
1.0127113526068605
1.0555936335450995
1.0642555011999242
1.0303681515553236
1.0404419827512372
1.0485331002889353
1.06353829909117
1.0641053635033333
1.0573989263856345
1.0416790930751856
1.036799499158444
1.0511809547518767
1.0533770897364723
1.0153583329239149
1.0060496804194847
1.0223500446403864
1.004844175765097
1.038504158630902
1.0423197420075396
1.0154519508515827
1.0089098392102593
1.0159893092238155
1.0061193293952797
1.0256123126223695
1.0012842731182445
1.0140410074231603
1.0355980730314849
1.0367119432717316
1.0635170682679402
1.0207106151218115
1.302800325056062
1.3661705148146024
1.2664813437409947
1.350433932711349
1.1877956979120519
1.0243436853621268
1.1117319279172817
1.1041431015456662
1.1081209099742608
1.1091376084055111
1.107365076041927
1.1278824212949168
1.1106030635429411
1.134372673542908
1.1178869550776211
1.1210930007716609
1.1259505757356019
1.0376992770919908
1.0218157768007867
1.0323453395107152
1.0191142881511357
1.0165380565205042
1.0159191015161135
1.0122306676311854
1.025138308381564
1.0276735954768375
1.0288469924231827
1.0253461876053482
1.0049496305516765
1.0905304877762194
1.0532483536544435
1.0027588808925691
1.049282046562063
1.0496093420485324
1.0084482207485386
1.0034600916921022
1.0440220901110278
1.0260303327438178
1.0890027201688839
1.008164076485254
1.0227259574499437
1.065523463419922
1.0275034216694707
1.0176546770941746
1.011233881443614
1.0056917529784368
1.0194208707186059
1.0504028782918764
1.0358383940733267
1.043171666532615
1.0017702222108684
1.0487813206489596
1.0487638661350225
1.0464728493428266
1.0815028358305012
1.0309289175117684
1.0574286961470691
1.017759577649781
1.0355779365622633
1.0459294347670434
1.0406947803659572
1.0426818827296687
1.0312824810580468
1.004455712806768
1.0492982506134436
1.0179491282380293
1.0113915706988943
1.001442202992584
1.0537364687267772
1.0375153692559647
1.0120068950591616
1.039514636154001
1.006009589592623
1.0216587588218697
1.0140113864751277
1.0208764941061639
1.0165161813060324
1.0168035429071025
1.0402571042213729
1.0260243142845131
1.0314963675572146
1.023506056396332
1.017714282164253
1.029722021168415
1.0253339109709578
1.0234233561908266
1.0431915726127352
1.016218531980983
1.0303120808869295
1.0129294516769887
1.0085695253439293
1.0045334632111513
1.0298201735981671
1.1089158488597752
1.1244844447992177
1.0861880911513262
1.2315584452006336
1.1641716668536894
1.1478320011106824
1.1463013395176276
1.2275700160056648
1.1332626709516385
1.080443408727232
1.1359095404473307
1.1576786112013888
1.0633610549337025
1.124564427903783
1.0286515548728628
1.0394137454897268
1.0297197667791396
1.0646043774893676
1.138865895200712
1.093534580776264
1.1059624004980015
1.2870211081171683
1.2353573785454932
1.3215618017160062
1.2809089850206132
1.1314766015713384
1.117995106523939
1.1995223379056945
1.0398904805563596
1.2197849871867066
1.0124799748341569
1.098323511393716
1.0681801156803075
1.0119760251780063
1.0206432148251763
1.22966323070445
1.127619627901163
1.1154630897465758
1.1521009185831954
1.070593685701415
1.0979126631292548
1.1192002472298135
1.1286618943135163
1.0981986401998587
1.0059881431980984
1.001079546135119
1.0187756974259843
1.0071868830600756
1.0127689532842061
1.022914245513704
1.0397586324876418
1.0633972561279426
1.0089461810818567
1.029438472756032
1.019840602492417
1.0170350531695527
1.0195799154935377
1.0253940631014111
1.029103330487463
1.0084856882773992
1.0136003178509694
1.0089819497392307
1.09386781756051
1.0354839329183154
1.057351003671458
1.0159826258187068
1.0249651981761827
1.034385092784087
1.040347267607657
1.0488729704182254
1.0098900406821778
1.0661583744781824
1.0101374518418451
1.038756325690152
1.0308996849586913
1.0526475067910273
1.0444492353099013
1.0436669710088238
1.0185505968566608
1.0386951754459182
1.0559607783328913
1.1930597371869176
1.1891070106994226
1.1189117352292495
1.1464426406811978
1.1290965862055997
1.1835406262898123
1.0787225727532106
1.2197932020731563
1.1911337227793957
1.1265330005881278
1.1133599400015235
1.1249970592697132
1.0412004080364843
1.0474946335150273
1.0431764251762632
1.0629106829279542
1.0918521534228227
1.112473963864117
1.073863134871127
1.050067228534526
1.079665502631819
1.0945076503651519
1.089361086708283
1.1035528688668395
1.056810300906901
1.0107447999268506
1.0274085977726
1.0406301789550927
1.054330934916938
1.052241096540921
1.0492758581293138
1.020527238485494
1.037153162839237
1.0340070379712045
1.0429499563073048
1.0314082869725059
1.0510259925215535
1.0629336438843278
1.0633893085186248
1.0405134279226484
1.0651175534639163
1.0843341375853162
1.0718402491236316
1.031272159408561
1.0886293931141757
1.048954941238738
1.0306380236834138
1.0207388581705197
1.0076147683611691
1.0023468048381234
1.0246631763903493
1.0975467486052135
1.0094819501815222
1.0602239923105823
1.0095788972031925
1.0545348151296836
1.0137363625093578
1.0084851366350092
1.0110851138195704
1.0020106184680755
1.01772784630484
1.0066124986567835
1.0053710562353422
1.0160211562905468
1.0286563100969357
1.0055688062790618
1.0287704712393275
1.0173424676826004
1.0042921070858795
1.026152327124512
1.010600699153474
1.0310495207147377
1.0907015740518204
1.147908648634117
1.1334937356846477
1.0278637343789776
1.0120952315781144
1.020588541334332
1.0509735487565326
1.0479365102085074
1.0822822918326007
1.063493589375385
1.0879394765974295
1.0705150483945736
1.0520239290755211
1.0400468679316777
1.0064952436689392
1.0786308881064328
1.037590818280046
1.0136780191103056
1.0403815478413299
1.0357718879358033
1.0395257106610214
1.0374840621592964
1.0208052772318084
1.0351896836463212
1.0229913514966782
1.0104392916418155
1.0360539430003881
1.0480763017698698
1.028054704027001
1.024525551000574
1.0235279862382045
1.0461307370679775
1.0543031114306536
1.0004959625330374
1.0293583020985733
1.0723840344110631
1.0578960108620703
1.065865398552912
1.1376802023235513
1.0648141926878123
1.1038570200156161
1.1538951923368228
1.1288745685834478
1.1181901079185153
1.1389997221675277
1.1193029276336675
1.0915808317090716
1.1098886032608346
1.130445762473363
1.0511693796459052
1.0599680990551261
1.0727591711077722
1.0964128210539188
1.2267057843661682
1.122842924014454
1.1488970070942872
1.1940821390643994
1.27431046595744
1.0825552010519168
1.1076398757439159
1.2131244146856581
1.187326855723015
1.1436932803846644
1.2698687247244227
1.2060429118484763
1.217836999763705
1.2040241961439375
1.1085800357191307
1.0909513214895594
1.090270310684232
1.090421268077983
1.1044203943645534
1.0693674481396755
1.0367907000626364
1.065036780579826
1.0245717903618845
1.0033103374205974
1.0011696908334535
1.0753444488993489
1.0243728271359083
1.0146508799671576
1.1153521352182825
1.0661333724956585
1.040377521680753
1.04922418511165
1.037195886406015
1.0244450572887043
1.0841941567098627
1.0043186345001818
1.0098895187240855
1.0414862569728165
1.0598442107537325
1.0384568040282423
1.0086392446976926
1.000987150821193
1.053251444381037
1.0147920101340178
1.0137081771441052
1.0562133277394
1.0291888488457548
1.0239685257891842
1.0116398504303155
1.1650180663679153
1.1564307761974488
1.2404640130573368
1.065568600889504
1.0972272993643688
1.0116734477667244
1.202520090674524
1.0061605687259567
1.079314071399038
1.059623229140834
1.0871466646333876
1.1084130248048047
1.0524981559053783
1.1167308471241886
1.0254791764513795
1.0427656319710759
1.0089023622992306
1.040704193424025
1.2532642278812596
1.00054895843354
1.0188181810479788
1.0542675138705528
1.1207389277261393
1.105235419647676
1.103318604714497
1.1856524898372112
1.1195511828272373
1.1585012287054255
1.0273184978920338
1.1840035088507592
1.1752987746966543
1.0800797764610761
1.0925161122423679
1.083277074675374
1.0897670242269735
1.0694440913309653
1.0486248843034918
1.060506051733152
1.067415759232239
1.0585560040361495
1.0924048424352326
1.0272211941890477
1.013974696999783
1.013064301862264
1.069291546771501
1.0572618734350245
1.0626108159720102
1.0026047434703627
1.0379396184861773
1.0270479610958638
1.053640471362212
1.0325147826599574
1.0361107514052794
1.0816306036147698
1.062360604385284
1.0904971812268045
1.1107565397488282
1.0732464348188329
1.0698825957954703
1.08420445580168
1.0697061645726693
1.0375216174475517
1.0261031365703879
1.066102802888811
1.0347680937019657
1.0374934786392178
1.0428411746260529
1.0342563577244046
1.0638566623592556
1.0672349717806922
1.0716808079020745
1.0544967816410118
1.0300668723189284
1.0374027786667377
1.0516318582003457
1.030807548637494
1.0644179345008171
1.0506711798869715
1.0257470732573046
1.1357511995841811
1.0250876860287028
1.0241745268521114
1.0707676667081827
1.0691651109693294
1.1051710371014893
1.0402623503924124
1.0091639380369084
1.0402185956864427
1.0268437701563715
1.034083295060942
1.0395495530661547
1.0998001128264507
1.087567194535353
1.0612998183438231
1.0720830082029178
1.0197046202702391
1.0579075280960981
1.0928272573006315
1.0870997323974967
1.0554289354167579
1.041298401850079
1.1064540683019872
1.1078518994784023
1.1050904268698891
1.0461794004903724
1.05248654534036
1.0780129507624978
1.119294032443043
1.0830627479360304
1.0684314245774718
1.1015181121370103
1.0670823201936972
1.0175489120810204
1.0594416527605877
1.0417792527812257
1.06796264492079
1.056677845814678
1.0957417172562651
1.1194956109937153
1.075380615218108
1.0026990131391644
1.0286998807507377
1.046407921818515
1.1531433914968736
1.1040622890727059
1.0893451936087852
1.0209358029972921
1.015095550129051
1.061434204355802
1.0824437653053687
1.1496510659291694
1.2085883231935128
1.1579209566968225
1.119899838712613
1.1168739775485923
1.07855601004162
1.1793222081251842
1.1991266129173581
1.0993176335576833
1.076158860423998
1.110441384301963
1.080157341285273
1.0252130474802625
1.028934237104627
1.1045431778803347
1.0815751717530175
1.072489544172522
1.0825904526191203
1.1151888948531312
1.1230429554069956
1.1076910708925527
1.087814876583365
1.094206338908593
1.0877258504468064
1.061759719223678
1.0484945539008341
1.0366320137160188
1.023326548722644
1.0375452147969415
1.0392489061967187
1.0144859328650135
1.0135094106516347
1.0442754071299372
1.072133729509419
1.1615170748903882
1.050479862579623
1.188823235223714
1.063929908899108
1.1247040949508214
1.0643033667015753
1.1187868133448144
1.1025449614219707
1.1767793312006996
1.103969636737541
1.0951952249207004
1.107085884770581
1.109064681243383
1.0655545632039132
1.063196792695232
1.1705919137747132
1.0776131508692772
1.0532631659518104
1.0327067303447681
1.017287335123779
1.0070852015228826
1.0376852467153375
1.031396134025152
1.0284407935391986
1.0557968177419947
1.0669783713105352
1.038554612655464
1.037101931981527
1.0052599529559287
1.042774326450834
1.0190067689043143
1.035055226505422
1.0443361141113536
1.0313188360701822
1.0078410811768794
1.0317989516244734
1.0070700413410567
1.002832542937922
1.0004556499212396
1.0699249652172829
1.068849490700902
1.0419789721433579
1.0401180233694116
1.0466847414261071
1.0288635304932712
1.0031127803699285
1.0228906362732486
1.0345223782384625
1.0558567188959427
1.0528852535345898
1.0441951602329052
1.0403745751792184
1.0501889001188789
1.005380388496225
1.0426648655279864
1.1290325221689193
1.1408535906839157
1.1414111557109006
1.1315110859221413
1.130803629368747
1.0589749010847314
1.132236174228504
1.1264283895857452
1.1067299498165175
1.093744064028314
1.090739443853036
1.0479461268087367
1.1341236446049925
1.034348547167726
1.0260560765217785
1.011631214377615
1.0065215739846056
1.0258074028019013
1.0084363798288578
1.0113941118320606
1.045829754251432
1.0626667295024352
1.1066931261941002
1.165397349173358
1.0709571061970333
1.0094248753704618
1.04600589272341
1.1954851987987303
1.0504808049982894
1.1941183176741086
1.1726238043315398
1.1973783794875077
1.0882962251056536
1.1518297804015958
1.0349190888974809
1.0875999912948966
1.062422745459198
1.1379634416322237
1.0109002349169893
1.067355699099396
1.0338064595023964
1.0628675730216093
1.1340062818188552
1.0093962692762775
1.0022618820077829
1.0798073384097266
1.1145562986260982
1.1017233620299869
1.08327016098259
1.0825801189428124
1.0876157870877048
1.0449764121205245
1.046252544893236
1.0660534038233456
1.019919836045291
1.0501492777351846
1.0397768832689778
1.0302461299639976
1.0459373917647046
1.028628634382451
1.018704583463859
1.034840491975415
1.039178507278719
1.0904959243160592
1.072813594409409
1.0819014710220232
1.0818361908543515
1.1048655690774138
1.0128612755625925
1.0435349053200227
1.046184977506986
1.0264784343842295
1.0440976081035445
1.043889144033147
1.0551929765994585
1.060313496934948
1.0491227065466182
1.023952435955975
1.05127145571722
1.0285410646097761
1.022284260816153
1.020580323921203
1.0405412895555908
1.0037213678427082
1.0135286083575363
1.026126157118393
1.0221409326881314
1.0180977734147247
1.0308347549729453
1.1115640722844047
1.0144842725399
1.0145386547038837
1.0302796377950005
1.0263190505424578
1.018401559706393
1.0191436750696392
1.0534825100480396
1.0691579076909166
1.0095633695060824
1.0405246868939344
1.0513371481015557
1.0815932635359293
1.041528590042384
1.0850838178152793
1.0427652782474635
1.0705714650753102
1.0703443511138129
1.0371372577343911
1.0616165818440737
1.0111772861219785
1.085552847700794
1.0775661188836172
1.1142988014465336
1.1555300716163592
1.0913399094108094
1.199893065314662
1.2019498056063698
1.1066647151357085
1.0978844831138888
1.1286903976034455
1.118898977169165
1.1264940266915455
1.118767206953632
1.1315104141072079
1.090449627040743
1.0976190930183611
1.0762261582032744
1.0227750650503837
1.0351651004167635
1.059461158536565
1.0416871325643116
1.0332925387650937
1.0420002781812505
1.0418201861717715
1.0470830974075083
1.0524957878770467
1.052932061914414
1.0416192569960374
1.1408795750863794
1.0215100517845543
1.0015861165439848
1.003307173682623
1.0046552897759145
1.0200953299654527
1.0777503555065848
1.023322440509174
1.0417932103729934
1.0432306339375987
1.035824009064971
1.0643445318000957
1.0323771271085145
1.0403004291305764
1.0381618157019454
1.0498638079102178
1.0486159532660375
1.0496946115298904
1.0315188303718785
1.0176993639357426
1.0125492830699083
1.013819121978123
1.0126386955721878
1.024919992336838
1.039588454210956
1.0502957290504347
1.0078288337599914
1.0141163626789647
1.0134424773432236
1.0409635719862442
1.0214005437064122
1.020867189350014
1.020015210583932
1.0333277248193706
1.0332222118342584
1.0301083574275056
1.0328828468633688
1.0331006893662633
1.0504812336493774
1.0345718770126762
1.0564439202782798
1.0086007645771187
1.0162534753505539
1.057357507840112
1.0633628602757874
1.0312564309584513
1.0343035554707833
1.2576107562627215
1.0412920101241414
1.0331866732744657
1.0468207672676848
1.062297859246948
1.088814198382953
1.0863032136314985
1.0803779863534984
1.213986155579594
1.0218946406939418
1.0280587050955656
1.01095864487658
1.0381168583542704
1.0265843784269137
1.007216995369287
1.049153707076292
1.081059391039448
1.0753503143150995
1.0923816431407867
1.085079709890531
1.1525211777018634
1.192655281275394
1.1058345907080283
1.1572732776500265
1.2736662071792861
1.2147515698562477
1.1006645063997837
1.1602828764849933
1.1073312209731971
1.196484347638209
1.199888744292134
1.1779067873411482
1.1865824199991264
1.193115044386339
1.1354746917227596
1.109308076586451
1.1110892635012246
1.1269867886752
1.0881349535428666
1.0558960604242524
1.021029038193935
1.0056662701084422
1.0056050519630573
1.0100753121078412
1.0222157550476654
1.0251423133270188
1.0446603366648832
1.0286127907039144
1.0563125536035591
1.1847790568570362
1.0843668428435664
1.0509857299561536
1.0084576722025809
1.023946597343315
1.0856955795684216
1.0528362251459638
1.0268273324736854
1.0098119132801568
1.0308752447004108
1.0169409537726948
1.0279235730639058
1.042239133237958
1.0179090864868976
1.0225108426216087
1.043235205991004
1.0321208121653547
1.0259018676010059
1.0016412925942135
1.0154056470676138
1.0940281813713595
1.0088902119945469
1.0212447394805213
1.0580132141208993
1.0206954851176067
1.014361815152843
1.0269440367162403
1.042856772010569
1.0593563229892362
1.0674677761881646
1.0511218257852548
1.059229693736963
1.0529975500778328
1.0355519150488361
1.0809542093474636
1.109887843445275
1.0527105433715804
1.070613269830624
1.0769959928106854
1.0391515279922685
1.0181485778754205
1.0661541992806285
1.072302018941384
1.008654056905211
1.0342699683672698
1.020582032863527
1.0190485649354752
1.0254342172487183
1.020222736744314
1.04445691852987
1.0235587537923008
1.0305382383854487
1.0149950063118403
1.1091947079213287
1.1163017950907017
1.1504064305289177
1.1526798442751163
1.066831690104292
1.1064363148409475
1.1208397861184904
1.190114214654072
1.1309308669988611
1.126925951206948
1.0985374495631939
1.1282074867611986
1.0414377782218183
1.0472291247133196
1.0306948496033426
1.0458527596906906
1.061862520404574
1.084772376200574
1.0705952155044143
1.0675351569196583
1.110754612006142
1.0871651171255683
1.158546050178187
1.1731268322897765
1.1939153248020598
1.1957689315193234
1.2302155249081848
1.1537282107928666
1.2527483246590811
1.2018504038106734
1.2006531609044522
1.1614761255397381
1.1736191162779004
1.1270845462289558
1.1095097806084029
1.1282120035780199
1.069708610828309
1.0846098920032679
1.0595581320711205
1.057783317335569
1.0200957830794355
1.0181093029684776
1.0969269034504323
1.2270176588504622
1.2647177082712833
1.0451447290883784
1.0198335268536627
1.0320150349093873
1.0808191737909165
1.0247780434099896
1.0922304359646524
1.041815395103834
1.0910583340946336
1.1056626053503111
1.0878220163001617
1.0645015901083104
1.1023420600202216
1.0810792541201235
1.0841007574036772
1.08731069342248
1.003840004961894
1.0839348325825566
1.0315485170804606
1.0263695299957163
1.0566564436606654
1.0007851693587324
1.0395209464144428
1.0043205452950348
1.0679419963472605
1.0101620593538716
1.0008703666233665
1.0035068667198122
1.0083607119905609
1.0198887759383466
1.026834976887685
1.0159954224193994
1.000234965489947
1.0061499620490963
1.0051051664609436
1.0052113093969872
1.062097607976785
1.0218746635781244
1.0285692243290077
1.0183229768818403
1.0241449192519854
1.0405256025615173
1.1086501764653405
1.1387677374637852
1.083860878672639
1.1571072194874357
1.1822277743570202
1.0418008554695792
1.0984867253513997
1.111979828127466
1.0400556631495834
1.1144416349240385
1.509973210588843
1.2885046983854174
1.1154673257903696
1.1810362643747865
1.164830156813161
1.1210000252861867
1.134299052945381
1.0994403296550828
1.1572401824016847
1.1253329748429275
1.134077867134643
1.0611783230946032
1.0359520215890081
1.0591085079405425
1.1135762687623167
1.0628470134680106
1.0888904465489215
1.036998569944565
1.0839699855589913
1.1068655709329853
1.122752350761264
1.0838670020968044
1.0578264599957468
1.0522905925438473
1.064085022012083
1.0860009458085855
1.0460083217705138
1.1095977260856602
1.1283917936842343
1.1570294463990558
1.1261162737517245
1.0897765773159698
1.0964035927087001
1.0890504328846555
1.0405774646838561
1.029117188416152
1.033210369763573
1.0085350430801736
1.027818159534505
1.001404284015413
1.007977070470881
1.0112690806802114
1.0060458986746665
1.0055328874630385
1.009297210712217
1.133823479673475
1.1832270945809642
1.010593979234706
1.0320332986728937
1.1400234927497772
1.0650706443611082
1.0945363016855663
1.1056072524726435
1.0674132136474732
1.0859379460368168
1.3464346936128966
1.0837818643460329
1.016133440454186
1.1455179547824117
1.0085376961423786
1.0277125860215406
1.123768941657604
1.0071923466527035
1.0965939652905745
1.2141051864176367
1.231890883241079
1.0860359891470142
1.1914510898889388
1.2767632984972135
1.2844313207024771
1.2649665672314025
1.2295034526096316
1.150698521094152
1.1486944459024029
1.1647430214745804
1.1293024209618163
1.0864748541360485
1.0869577494055598
1.0419726199566308
1.0343640095159075
1.0087011158340626
1.0467065201982435
1.0693642784051025
1.0814080968115325
1.2123105193894894
1.1600354469972198
1.1029109179703622
1.0203597317862292
1.0617980820261035
1.0796579715046
1.0113299687839972
1.0237969004336733
1.0896815485322293
1.0909744173151645
1.236785360186686
1.1267881466246787
1.1984540790713953
1.1888873169942926
1.1745803105783794
1.1820108214218792
1.1673728050747558
1.100181687198883
1.1576719768434878
1.1441021859131637
1.1520980962905407
1.1433228749438609
1.061430023219549
1.1059038689605942
1.015655171658753
1.0313868699071762
1.069773201852814
1.0992985023341368
1.103357087959501
1.1544033370480713
1.1978333008703492
1.1828470683209291
1.2186740188609617
1.2404180262926503
1.259034080498641
1.2512569324583946
1.2621985377852336
1.2378680709619516
1.2429218822351145
1.1887916259908007
1.1018876381723366
1.046985774965878
1.0146353401490262
1.0094957117166976
1.0406316494023056
1.0476674917676008
1.0471402479769214
1.045178407183677
1.0568495829046562
1.0141394069047123
1.0254249191156815
1.023900439431186
1.0304804398986185
1.0353651525030172
1.0225580629818074
1.0251037880930673
1.0310918367025845
1.0292285805735342
1.0253688942249344
1.0220309515353807
1.0747915502721743
1.01000521063197
1.0008975738778683
1.0128954557077763
1.008210715224097
1.0744742829708396
1.0064962490322238
1.0466702766269476
1.0431844506276449
1.1477247275519642
1.1503606432192708
1.1512938593368642
1.1672325987061547
1.1579273903355183
1.1697843230502947
1.1655537836467595
1.0983686191786137
1.074462560015837
1.045305071959869
1.0036370401541646
1.0265325886945558
1.1393705599507384
1.1460997092561882
1.070404648958745
1.0535397606150048
1.1737824521880396
1.0947550429599584
1.3294670931069088
1.1275960977282184
1.1806782874996367
1.134849698876437
1.1588778902307175
1.211950887577523
1.208173518446009
1.1390629192639503
1.1145272403054187
1.0748717667343344
1.0540314678591025
1.0835786349213858
1.0807711311730186
1.071832832656521
1.1138302466668963
1.1033431977986807
1.0828311408747027
1.0705809034701774
1.0520822162525043
1.1180337599284442
1.1918891755614023
1.1144953740030032
1.2607257671344299
1.1203042977469582
1.1225374743691063
1.0707503189079128
1.110253463741302
1.040862352313288
1.0423453131624314
1.0413338513674606
1.0592598280426966
1.1587868437061541
1.1277403701656348
1.0852325408613728
1.1494453057779992
1.102766952454243
1.0762160518974242
1.072175629204128
1.016107306580624
1.0124746657132244
1.0917959581481482
1.0884644770255774
1.0933083216613284
1.1737855719973407
1.1354820923071873
1.1552613011152628
1.148940720318109
1.1972697334359947
1.2412487659284819
1.20273504995656
1.2229031907380399
1.1895488220258443
1.2462011168506353
1.2210693361418357
1.2213019022862983
1.1371060057940454
1.1183964153627597
1.085025452799695
1.079872445344222
1.0784431740569922
1.0649598446253323
1.1144907086143845
1.0661109087312637
1.0141771270444657
1.0126919280398727
1.0208627311885685
1.0215325131426947
1.0707994086043977
1.045093159358605
1.0178508414345788
1.0573137061070703
1.0321343874952162
1.0103991413038103
1.0638489649453913
1.0341058271019299
1.0300539267120614
1.041727794405137
1.0381403636453572
1.0415429491141082
1.0150716032237619
1.0145013942421275
1.0129279091952093
1.0163611421738412
1.0370923761707043
1.0614951929879841
1.022124700053775
1.0303627029368942
1.038303507860341
1.0466326572104852
1.0383771742618904
1.0599349649222334
1.0683335814184
1.0800907458067688
1.0581530282558784
1.0523156779368137
1.0510569027181977
1.0471225615185111
1.0292377571420568
1.0118670012923097
1.0257651079682137
1.0104723906749722
1.0136402688926265
1.0137033541262404
1.0073705486119642
1.0027233084255547
1.0028800439775971
1.0192861410890202
1.0452859813313893
1.0645660457841133
1.0477879092299354
1.0655289656647657
1.151374954926112
1.1146613363276634
1.0948236774716307
1.0998108278024543
1.0924921060270467
1.0919775022923763
1.085147754916337
1.0588979055749979
1.0623559847644293
1.069528960281624
1.1074792545306429
1.0128634485564565
1.0410818406400266
1.0146064603661444
1.0150462322706924
1.0714378564456113
1.0652171526534637
1.1444859698732313
1.0624013303018398
1.1057652841699128
1.1730923495662904
1.15068883985541
1.194144213998856
1.1689124988873785
1.1827249394888188
1.1461595372065578
1.1172561083958563
1.0924376576288624
1.1262859284345812
1.1408466608908696
1.1491249942530357
1.1356232519584806
1.1148660748295454
1.1017444638490792
1.0969251579804216
1.0961300340924067
1.0940800484525801
1.090323638734282
1.110485197879347
1.0453348302005179
1.0499399533941294
1.0846356312918757
1.0643402369059796
1.094099990347406
1.0221522074620684
1.011599015530142
1.087273929856171
1.003559509864383
1.0048540806628474
1.0419159961142042
1.123551552646982
1.0801984874016972
1.0274129761636988
1.0370213705740865
1.2862402155051988
1.0688166447749905
1.0826747468971607
1.016155998617468
1.0571230323694745
1.0616929330420868
1.0285140245931614
1.0838543644599004
1.066840991249288
1.0548853617072915
1.072850236758158
1.0422237412190931
1.0314137471453508
1.0027004746067456
1.031616566357901
1.035666298726096
1.0074817160306573
1.0318622690198753
1.047296919332493
1.0371202245791369
1.0400437410126717
1.0329474056455672
1.032043430026425
1.0650450976690458
1.049846395088202
1.0420957217740967
1.0811339777786477
1.0531174877733787
1.0736383714963553
1.0748425709866056
1.087724654257316
1.0663740068888348
1.0383202725654999
1.0228516872163178
1.0405541383353654
1.056364044866766
1.009635453470727
1.0174433782148196
1.020590080192143
1.0136234702762499
1.10687326992974
1.0160902813971913
1.0241994794590352
1.0326110073916217
1.2450490515611714
1.2781519156843444
1.2131622876361812
1.1783170176977735
1.2813322318145104
1.0728860953241999
1.2761329660889977
1.265020097781539
1.3020181221044564
1.137761969612933
1.2242217264313977
1.1435850146292081
1.1481236190975928
1.2758522155903398
1.3302145879981795
1.3441596380428027
1.2874237160494089
1.375199480515287
1.3652374042316182
1.3555112193727965
1.3300224125514173
1.3291724702977328
1.2889722648509876
1.1761430449692896
1.2001047817211883
1.1094379097977596
1.0911238873337232
1.08734126707472
1.0735772018797285
1.0738407856670313
1.0693355102816215
1.0490169132039344
1.0473987595142296
1.0771835897591817
1.0761106710436446
1.0611013989665983
1.0205126248436565
1.0302978806343372
1.0261747701662274
1.0433894014708085
1.016520187406241
1.0179878649274867
1.0192824646995646
1.0072465830235688
1.0043357077719774
1.001745463581977
1.0001546440891689
1.1487352997299507
1.0038806653805512
1.068025052485778
1.1945915173526187
1.041920700700522
1.0398853528065197
1.0317488433312956
1.071921529870876
1.016875125544469
1.0080188822995468
1.0352244470286098
1.0040790196943858
1.000073497255863
1.110206555771792
1.097855823435193
1.0836864799072274
1.061645155534801
1.102090220014952
1.0508931931098433
1.0398977565565017
1.0675818582971395
1.0508525098033783
1.0725258395730535
1.082226938643017
1.0731890508957638
1.0329367604017594
1.025047342281002
1.0351711840084403
1.0393340346487645
1.0279415819475974
1.0188918989927311
1.0266668468810218
1.021343497392256
1.017300197478119
1.0495584154377602
1.0652005710545185
1.0536277533480796
1.0648075706726259
1.073926202120371
1.0486326374747459
1.0378061287375215
1.0691599989002134
1.1019845155115524
1.0588520516392776
1.0396151030770522
1.043406818298531
1.0728234124882063
1.0531682493698096
1.0499933369189105
1.0135250338258814
1.0142257664875558
1.0319201956485269
1.0493516262324665
1.0380742473827236
1.090663625968112
1.0635669208964853
1.160945160879037
1.0141517364367931
1.0282703383930065
1.0481871288564342
1.0698804665655426
1.162073247774535
1.068288157256263
1.1148506940886493
1.1100949491358014
1.1679277755369706
1.1191650107037887
1.1854669455965852
1.2372381910330423
1.192241729518604
1.206902872581289
1.2573054546032065
1.2288271019025834
1.2018051290426597
1.2443215446221714
1.1476598274041117
1.1380098352042933
1.153222346643835
1.2612429426523346
1.191865511214134
1.2472493468745984
1.2750216365465623
1.2738691642373505
1.2538431504184682
1.2278871625055414
1.2566228063586298
1.1910246655918477
1.142258448956004
1.1101716044916858
1.0479027102155274
1.014438529535995
1.0739735913958546
1.0244633314679976
1.0125916985385082
1.0171531941440595
1.0180753651006076
1.0227358643501805
1.1970945225173184
1.168496948138818
1.1254690367892426
1.0140843961381547
1.0503293782361343
1.0926067642664545
1.0643704821402038
1.0228531406325068
1.0058062157272325
1.0178646099448614
