1.9322452884674914
1.9259414309723748
1.9506625277201697
1.989727959188291
1.9830456206672125
1.993335996015536
1.9965918569814594
1.9904034352570785
1.982799766224401
1.9905524728073547
1.9970899160280715
1.9789431189252575
1.9775711755858747
1.972767831441031
1.9888117072525626
1.9773287471509402
1.9932697539094488
1.9897078032528213
1.9887222333925305
2.0041737572609604
2.000706748317143
1.9912410739999569
1.9925683053567727
1.9862553310167892
1.9807403009481996
1.9828425544389263
1.995590279580786
2.184730561495269
2.1636078883107106
2.330596045751981
1.9782800156792275
1.977039954235505
1.9733531071140484
1.97185802756056
1.9864959050952482
2.007906421436112
2.095592790827748
2.632993556365854
2.8778885214349375
1.9889978861534654
1.968180774059899
2.366333879709175
2.257103794604939
2.9196409451719907
1.997572960335876
2.0055603593856812
2.5780499439299813
2.3999717634718194
1.9993535611554052
2.4403390191682957
2.4137049428808037
2.8862642898255113
2.5335629127941983
2.56351125904263
2.2755605250661834
1.9994158211734334
1.9981861983808544
1.975548239502042
2.13582558710446
2.1532005695250502
1.9284987380188436
2.828216179247311
2.2590372075067116
3.2133147697092097
2.289353882483189
3.6574581305433025
3.7569318639578686
2.683978045023265
2.138252170471949
2.79042324749107
3.208193206816721
3.5318312750009047
2.6458036522725523
3.398555704537766
3.3596178588867924
2.456444088385218
2.0204471291990584
2.424337967132442
3.068809007726028
3.001788254008759
2.113971816596259
2.125292968450725
2.1937753628414427
2.0223358457605145
2.0014173323746554
2.092070179710513
1.9963983225757893
1.996348118665954
1.986575289321248
2.2460645780532444
1.9929042155075423
1.9894922850664383
1.9716740668938109
1.9863689019432258
1.990200717716859
1.9911785817858445
1.9819114617270905
1.992916986755134
1.984308061227084
1.9928940546513443
1.9908572104373825
1.988370009134981
2.000859090220153
2.002450833536829
1.9861592744178387
1.9877931134173725
1.969668115317202
1.9887497991284002
1.9493682096057297
1.907645845272215
1.9840836645046898
1.9522706690784235
1.918779941427995
1.9825980174236582
1.9545689521557406
1.9404413222584
1.9588166238225906
1.9877717324581203
1.9889976416541748
1.9872384224277115
1.9750076008261022
2.1273294078770424
1.9786939052397567
1.9967913039767338
1.9815206156573562
1.9716085485929238
2.291504391573907
2.3090024936690514
2.301051979959947
2.6822317465228047
2.441970533465312
1.9844021629756663
2.246336033159895
2.2621217467794397
2.055741666574266
2.2163281268312844
2.247376600818026
2.12427921001143
2.001196824358705
2.0046947509221007
2.0064224276273026
2.329508820878257
3.1325573816668215
2.0393499597471525
2.0178138382027706
2.805871928393229
1.9797320626605626
1.9850407089827775
1.9826075049280576
2.3494558144992594
2.9256393036064665
3.275997199220955
2.2484580302273063
1.9777858619832975
2.806620933027842
1.982633030569401
1.9837346702308172
2.635953779991704
3.793188438910612
2.9410820172779903
2.575487204704095
3.083737938584525
3.7346340866781764
3.126642432226426
3.2767242661372644
3.647133618057076
3.410682756004017
3.839065469470504
3.1200111746033294
3.6638671627758006
3.741250124935766
3.3059424368821992
2.668118002795812
2.5609984908238164
3.0740476585454055
2.680532646109547
2.3500199779448443
3.205470649297329
2.983631535946848
3.130696725694872
2.837814088347561
3.2461372834641185
2.599571470347343
1.9740892092806221
2.0278947141061865
3.0990817527996146
2.986980241642334
3.0855260885535407
2.0795453216454867
1.979889147579268
2.1125512757690785
2.077296432538166
1.9521056051267773
1.94296533944004
2.221796277605047
2.4402283343772715
2.271373139272761
2.5636840128567733
2.12137756608506
1.991402564872521
2.2144423244017113
2.3920345595956096
2.991383691436482
2.3221500739546097
2.3544077367229095
2.6462765829306205
1.9987774251113646
1.9581633771687732
1.9359029059728914
2.308306723696848
1.9554076748111529
2.0105264338992597
1.9469338653152601
1.9441213065211755
1.9764159658268177
1.9777894835381014
1.9866284275452504
2.097418498156647
2.690674544646587
2.1840298875949444
1.9773566230603723
2.1858944067632944
1.981920070526794
1.9875846283385703
2.3776201286922345
2.6643969909391703
2.2107889616818914
1.9121219981910473
2.2392038915559427
2.441014003632011
2.0867169386281508
1.9103756186057996
2.0463846230627394
1.8841592332184007
1.891684335037363
1.9383962674879744
1.983287418232176
2.066892014936417
1.9867254188293544
1.981558486776035
2.159198909704936
1.9818831947610447
1.98593379225645
2.0158689731284554
2.1696446105872735
2.8607758780266646
2.5693058458763027
1.9894013161348474
2.2737995953835797
2.780517126375446
3.958968570136022
2.272204041564923
1.9799637342942429
2.87673251028032
2.422317130792391
2.315761562286845
2.545706862844149
1.9811152250258985
1.9666331619466413
2.1785316031852147
2.567237253191277
2.1198563108185606
2.222087122389817
2.568721484796464
3.04140674078815
2.3909231038511702
2.508136016270725
1.9562919598344843
1.7950900192930699
2.7963409102693038
4.2535030103612
3.275151539860867
2.625891784504429
1.7677987979414747
1.9620569470897329
2.771664091430171
1.9816911350320592
1.9567611695083174
1.9723684181122194
1.954092029738958
2.8327267773895684
3.6155357744689205
2.0974744146423974
1.9794591513004605
2.463498537209927
2.59925929245544
3.047982081839913
2.687480773528377
2.6011600776850066
2.151991295503903
2.2859278592361965
2.3841454811884994
1.971119607290801
2.4074265264611796
2.8605089057505824
1.9776837574154889
1.9834073596826793
2.315161918258092
2.2157455822513006
1.9779286954334088
1.9783327868826193
1.9867002615648854
2.141915381081126
1.9817465769178133
1.9838127988439942
2.6673698774671872
2.8854260466940103
1.9806305568907245
1.9816293702417802
1.980150767906103
1.968638403500571
1.9816817990901932
2.4405316871468
2.5579674104841055
2.1029508465320683
1.9792413748750899
1.97860585242905
1.9819502152571424
1.9905786923057154
2.0130161333039753
1.980705535688763
2.5435804265343953
2.0212917275718287
2.0617095530227507
1.9887705530279998
1.98530513281761
1.9848185923036916
1.9890369226358566
1.916460262081624
1.832299781285541
2.187574033537184
2.73533097700611
1.9876768787895591
1.9892336421239583
1.978212200481081
1.972760040780343
2.626941248757595
2.5376534117041705
2.862788470867831
2.137050494451262
2.25809830368326
2.181169237650842
2.3247732371354752
2.257965833701398
2.8510881316576864
2.1024774866947555
1.9892598831213428
2.3835316895116123
2.3816637385772377
2.1332069439727968
2.46694334061335
2.9081445949140954
2.014524583577276
1.9891126572612732
1.964862056594005
2.06638274469975
2.186504573034387
2.0343056326194295
1.7751243178312524
1.793697682484487
2.1135177848792646
2.8053657478634375
3.628607139686441
2.0384131272641257
1.9698423635946243
2.3754706502875482
3.708948138611466
3.735104069534111
2.645956765672361
1.9821201759030531
2.2077850638617393
2.377004016140476
1.975366992702575
1.9840792394064852
1.9812050814706543
1.9671380572071622
1.982928357859193
1.9869088428867772
1.9621829991981985
1.9840301608197488
1.9859100184841607
1.9856871046152595
1.9847904051356262
1.9864127894657333
1.979469885474841
1.9879137191183605
1.9804502326760016
1.9700629820774251
1.9836863853205942
1.9884440163829982
1.9790279223622826
1.9909612014194484
1.9905378468769404
1.9834060960427469
1.9140652218833816
1.9731480416127674
1.9764237562782534
1.9619689820745927
1.9626610892054164
1.9766515429927212
1.9654727565828605
1.9715138298432007
1.968157541995231
1.9840458849513005
1.9876737513056633
1.9802519033723696
1.9849630122214863
1.9329501996380596
1.8699739498561074
1.911316396005835
1.9346246827161737
1.9273581305721945
1.9437397106199186
1.9532513294791165
1.9508347449619405
1.9485949934801086
1.956491054848828
2.012156559097414
2.0241302359290674
1.9832219391244204
1.9707283661164194
2.2701165593508015
2.395722328394305
2.402144132844637
2.292896564201917
2.011903507677111
1.9809306267182627
1.9792174071963942
1.966310786139818
1.972283585304866
1.9723847397344012
1.97056090574458
1.9648345510321965
2.3341998496082
1.9764607726758208
1.9692796673456123
2.1215221756228417
2.020164912858251
3.0792064378690753
1.9789849989688486
2.2765795087202396
2.55670438329075
2.242827154989716
1.828902735088114
1.8459789872730252
1.9586115694280082
2.4216582546884307
2.9214199711097564
2.8428354390281014
2.682729501643196
1.957595248450614
1.9704088522684988
2.9021490511877657
4.06338256978443
3.269022338246861
2.7103758770658053
3.0434051987651105
2.7266821598282602
2.350186358522702
1.9769142153590742
3.559357619079503
2.805323005819397
2.077287379424715
2.178136713857738
2.521334499647744
1.9823253024799923
1.972201783360068
1.979467841072953
1.9551607581211277
1.9682073655191177
1.963647988665273
1.970288545943565
1.935862337092512
1.9312589886806368
1.961218033689119
1.8846944356239999
1.8782836203665723
1.9261247739212528
1.9307184687904282
1.958770069340043
1.9778692523886334
1.9913904392056128
1.9875787188724268
1.9870746755700883
1.9613689064017708
1.9613222946120927
1.9776750832782062
1.9851944226036073
1.9659120520618583
1.956839250068132
1.9782440678486033
1.985942199913861
1.9828754324551365
1.984739926112775
1.9616192452724115
1.9548451302967658
1.9638038859592153
1.970561744521011
1.9631402687118285
1.9693693941369317
1.9656723980441333
1.9702512856016652
1.9729272586060427
1.9716887879335212
1.9723914505213305
1.9750132507252012
1.9839596180724972
1.9506963300407563
2.141476296039144
1.9525432620395975
2.5582685182193985
2.788768173221964
1.9769116383138652
1.9756327528609132
1.9763951090706737
1.9784630252399387
1.9745136540023922
1.9817077896808017
2.3021948334648523
2.7965433438075284
2.644767829239619
2.2595492135807884
2.3353795046886154
2.0671838479679847
1.9802667480485323
1.9717489313969843
1.9812537064399318
2.336360712821734
1.9745194047828667
1.9774061784324113
1.9761849487518377
2.0411066868684538
2.020472322206252
1.9772453566742536
2.4935505682648453
2.7751843242943504
3.4538234745402874
4.0746839012191485
3.2709891039557566
3.426815958028172
3.060654187434676
3.570671144198942
4.1983735368257395
4.514018685287944
4.357553772603213
4.45516930201574
4.936264353513528
4.230411423753811
3.684832819485226
4.424520867415608
5.1793658013451385
5.709620121480693
5.839741146665484
5.404919742113162
6.149364894395351
5.798483171256826
4.842336282846805
5.0969102256204275
5.494984168401934
4.071769602388114
4.021249804425074
3.7153845706140602
2.594668355951875
2.454893708646997
2.2317017198360847
2.0414022115197965
2.2065051297713896
2.0833208932396947
2.414798136200798
2.4032162766589082
1.9349396826018852
2.0177902863412247
2.147091581940755
2.3623470054966984
1.9914835959608383
1.9823552224969605
1.9319186902120646
1.9854423721602783
1.9710158599099963
1.981670422703176
2.173878008370688
2.2404556551043107
1.9839886975604368
1.990304831838582
1.9932728813961564
1.9879028876171874
1.9800823935310246
1.9875749342949998
1.9833606873776992
1.9750491552314078
1.9737173287002827
1.9794381888601498
1.96914968905529
1.9832629632724377
1.9772323323862808
1.9761901411249443
1.9813573984689639
1.9808756896806368
1.9762158918886907
1.9997122487020742
2.036966771920934
2.3932171466367347
2.382223916828156
2.543692774340902
2.586711459763909
2.70186785754243
2.2123272723364096
2.6872712123391405
1.9917891089102533
2.628758830819196
3.000887464569415
2.7633210529838292
2.8810440326223854
2.928318329875784
2.7277062825463263
2.7059177804337864
2.338244393337955
2.403164384583678
2.8217909156848164
2.8385632878029488
2.9910182506040788
2.14819425590199
1.4084885645783671
1.753528510049379
2.2232839637980626
2.133062231758265
2.47413836055251
3.044256944985209
3.09041750468214
3.14899260202989
3.1854349039027072
3.2638186177574795
2.722823272594211
3.671095249401386
3.3578696649652837
3.325538732484971
2.5894777639353026
2.298403859520302
2.692885858856208
2.735149646036116
2.9948743741239077
3.425632649220383
2.630259353378873
2.9275499925875583
3.1941257147747533
3.013042459075163
2.085186250141024
3.0476508321832387
2.6707311218544234
2.4135069469771975
2.687182961163139
3.060605727998028
2.438598146303012
2.1698336440659785
2.1296658861827615
1.9995177113867562
1.979161207316166
2.188420589307391
2.002683115412155
1.999318736706521
2.0023268390225546
2.0005694511553442
1.9934908051860885
2.003395449622108
1.9971937829498756
1.987508938579496
2.0007107676138616
1.985200799647114
1.9918718020356398
1.9890149722840742
1.996921597441514
1.9956321400402919
1.976155649682099
1.9680864585010214
1.9700452344445678
1.9684872120876096
1.9825330754029589
1.980922254659917
1.9948233379957139
1.9880776172681607
1.969967919703441
1.990116761357939
1.982887335010089
1.972171195228341
1.9799259818702362
1.977602419182564
1.98763598217397
1.9598766283663196
1.9884632098242012
1.957514754434142
1.971519319411391
1.9738060977468521
1.9817197568147937
1.931176607319816
1.9802976308618812
1.979506914998428
1.9680423413380612
1.9827125804886407
1.9720179199646444
1.9806224236112946
1.9861370522744852
1.9713067796851054
2.2519237531715635
2.439275677127311
1.9770916256620943
1.9628183862373811
2.038928956333987
2.2505737480776853
2.001586745912136
1.9521739518827614
1.94711046091732
1.9620553341017066
1.9584045273559703
1.9501721401847787
1.9449577167608907
1.9492185851671902
1.9538587054057346
1.9331604173164252
1.9319306718484486
1.9646538532148623
1.9538667399465235
2.2429467651988895
2.504396346603855
1.9601333949853104
2.3033802996876416
2.0604538524137355
1.973318443834577
2.026435419529197
2.4036082694727567
1.9493421656731744
2.0245958845353877
3.195861326887592
2.944988301876045
3.295069687794483
2.681071445212424
2.6456905640870203
2.278550136197926
2.0551474476222436
2.4311360448937447
2.9631071351570255
3.0035684344029443
3.484983362233977
2.171704362269155
2.2338183413877233
2.1585452328616572
1.9983339210758528
2.8449482039482525
2.5421557600091407
2.3774534258398257
3.1513328528315667
2.0362595062416577
1.983998764940023
2.0946323281513797
1.9803067712720719
2.185779485567158
1.9855837148348323
1.9844124784603527
1.9787429023683158
1.979019647866384
1.9809064210140002
1.9639804190870922
1.9566815657477163
1.9298321742177886
1.9609803408380897
1.9727103820102518
1.9573675982161682
1.9553365721600495
1.9908726441513753
1.9860448843145413
1.988990260401298
1.9845699631467708
1.9892963904692902
1.9901859855770647
1.9739174312471737
1.982657000087842
1.9794450950240186
1.9715002604598293
1.9722478855746215
1.9763346559850858
1.9809444944387664
1.9830782270532639
1.961538371548596
1.9282942879730287
1.9323048347216332
1.9416917997016925
1.930700173928074
1.9421088768929349
1.9427074823949315
1.9444508779484837
1.9682397900050084
1.9501334496288296
1.9499770361351867
1.9700729704197224
1.970050315629567
1.9383748121387396
1.9350329279895124
1.928506617740356
1.9182807095736525
2.11468254405631
2.6913853074894325
1.8938438514018265
2.3140635855142992
1.8663734619618981
1.9367388423538303
1.9797462983034793
1.9815872374696157
1.9710244853093564
1.9721623091467901
1.9560143857151258
1.968947210119276
1.9738862093248115
1.9690238429430633
1.9731631358182036
1.9764171447756151
2.0805887734921678
1.9715939452110323
2.156821540729479
2.571918832789494
1.9727955027967632
2.162390560182691
1.9563469554669584
2.3336801410776227
3.073696415920786
2.5443819889867614
1.9585607895508803
2.0987265471672942
2.9730863555909672
3.2615029669483335
2.1794734819276256
1.8356142823202324
2.3054844258921836
3.3804338064317765
2.5013593518151285
2.75644643738617
2.5696118858590826
3.4768293950098816
2.3777855445322817
1.8889793612675854
1.797285263981806
2.6196331117216416
1.78332800529496
1.7296013336797198
1.8100461632416915
1.7786884307322557
1.738426261487149
2.6262952563014466
2.5829742486175626
3.862933591797495
1.7634787674469847
1.939640056418368
1.9455520739893353
1.9791628744345344
2.057573378482585
2.2524660364555733
1.9709626212472742
2.0520852044261986
1.9643924737672838
1.9794643114226191
2.607364618191832
2.0627093030561836
1.9733087755471694
2.2652254348161156
2.5332263123309486
2.5327207219306977
2.1373993319849003
2.317033140970244
1.9850076979540754
1.9904742058418061
1.9811879967403672
1.9339156119639507
2.4961365074858985
1.948320635569367
2.3716669811847333
1.9938293523810504
2.352620099226109
2.3035386821200015
2.072768228359241
1.9558238590820065
1.9238646276647198
1.943910202098447
1.9057500965605711
2.0736703001921537
2.2380081025331595
2.863001435030443
3.0452481254742283
2.0572943853702936
2.0803809439107437
2.974023957295404
2.1450244836297037
2.1130657080233144
1.928217405214538
2.4131560245643104
2.895243036602923
1.9319831244747705
1.9653631021995632
1.9677123364763265
1.967104363815173
1.974764241330794
1.9801118057105855
1.9825973650303474
1.9737995071323324
1.970948328981696
1.9890676961291267
1.9773659441262268
1.981648609547719
1.9792289059786636
1.9828942224063055
1.9608615441147763
1.9606223080302942
1.9283076661899181
1.96550733155165
1.747136142871042
1.7312765062441822
1.772994797686144
1.882907309628092
1.6860686509509821
1.6653154772564938
1.6487983401796473
1.8351712282400472
1.9219508398573315
1.9658340782215722
1.963313677965471
1.979482604129207
1.7959126156753378
1.6747140273338232
1.6638543441339344
1.6669792957786225
1.6908067300813632
1.6773375737088905
1.683978027147466
1.682077692406363
1.664186386523202
1.6896916086945017
1.7072689430435684
1.6850517119520096
1.7735887342387584
1.7070748276792016
1.7201591952822615
1.7127424946455878
1.7231554978410524
1.693619250424089
1.7178512719779424
1.7268835949256554
1.7304300508195691
1.7719686596462294
1.922358278754411
1.9582429600952613
1.9467384616557246
1.9483904283158686
1.9605781393061261
1.9584980287750653
1.9662335558917894
1.9691155792322992
1.966192518036796
1.987206886019402
1.9605839798006381
1.9750818649105595
1.9765575890707792
1.9782017851764413
1.9807197962034797
1.9759921713951722
1.9764204564946073
1.9741110177706436
1.9839380481701911
1.9791687567022995
1.986330696131214
1.982724768511733
1.9657690023013221
1.9258161661259172
1.9884381293844062
1.9844144917572146
1.9701840818846563
1.9803689613367599
1.9835452731149412
1.9836511830294004
1.9826882290631522
1.9867079839516673
1.9830063951194543
1.9873569227304657
1.9848389744489439
1.9803217699882119
1.9846202412010059
1.9786806111284077
1.8122755231772485
1.8196466605515973
1.951773842207082
1.9830692888297072
1.9582072048655697
1.9803742274221159
1.9780895743175588
1.987546454321624
1.9883495705411403
1.974970258147918
1.9871426571418138
1.9912673842013378
1.98248407452184
1.9879583103583862
2.005744739109791
1.9780301848713246
1.9824918915146161
1.9896960539405901
1.9792520322838667
1.9951070461965785
1.995136962097986
1.9890379560152764
1.9877453835313008
1.9921505864745686
1.9865777749107143
1.9862767664030327
1.9818093765051994
1.9845655107093447
1.9818193095385739
1.9887285178602807
1.984438990120339
1.9805651847443195
1.9846621072312831
1.9857253423956183
1.9878927553062602
1.9869861995522287
1.9588591798382853
1.9840607585346186
1.8773715969240434
1.9851026345224934
1.9858092362803903
2.0074582697086725
2.0110515480650077
2.1571641280272007
1.9811532667794305
1.9818382133512313
1.983305457374233
1.986730852547019
1.930902953924268
1.87289643676486
1.9162349301259791
1.8215464282097036
1.9754546457531115
1.7741530506043188
1.9790819759530096
1.9830144787711115
1.98411708920506
1.9578522028495926
1.9830198809368178
1.9854662972465935
1.9795219547879381
1.9817631267968407
1.9692367226758871
1.976868420489972
2.1170479737900334
1.9865448404746635
1.9853571861108772
1.945197763038453
1.9848410962139231
1.9689239813709933
1.9819560501062317
1.9738704729698864
1.9818508321071593
1.9758904906411554
1.9621192701457706
1.9419020192169816
1.9103395698205976
1.9196040990097436
1.9777648151989229
1.8880339494205856
1.9774508040104337
1.962964693395113
1.9592997373584211
1.9445979530059083
1.9363657431983554
1.985660776670394
1.9739592573327014
1.959059027083706
1.9638998345814294
1.9598931113290958
1.9424666422131867
1.9844761923815775
1.9871438464623354
1.8754527931710776
1.8678189504556773
1.8702392243561572
1.8417865257570998
1.7754568464537182
1.7336211520156886
1.7993969588758416
1.7809832988252825
1.7957316871701672
1.8030673375748056
1.805118565102885
1.795535636005055
1.8224184239278467
1.7792789686579444
1.787194343687409
1.8049502004364428
1.8002805116056009
1.7970633936296585
1.7794795040736928
1.7589547343963756
1.7947218746924245
1.7816189177399335
1.7737747520033078
1.7528064091832272
1.7360950289676933
1.7071714575449746
1.731370558601859
1.769133664338333
1.7435043524628109
1.7606681403001296
1.7355886394993911
1.7059446358453862
1.8264038003330343
1.8144325986026473
1.8241051111427256
1.7342708719358688
1.7918508681060723
1.7491696045736058
1.718229614668465
1.705501972968011
1.6997348771957097
1.7130163313617726
1.7069876879094543
1.7025537998058828
1.7445377963313704
1.7382491484840956
1.7181382692927472
1.7163718312764507
1.7058181059771018
1.6918241890240566
1.6992980744564514
1.7155700447132682
1.7259367767044893
1.720921150180057
1.732322709036221
1.7241049043783312
1.7396508714549386
1.746910659137562
1.7818560676560744
1.763756227548417
1.8136885935414981
1.8380843444501613
1.8083523126792072
1.8371905794686432
1.9571489605720869
1.869595057543798
1.8759782749036595
1.8865089972567393
1.8763279357689624
1.88612650220838
1.8891725697129524
1.8976416468097528
1.96742864279159
1.9854825555019626
1.9862215257081162
1.9892720888946616
1.9845840234539693
1.9881474229958649
1.9860363879382972
1.9927174686714086
1.9853315749256892
1.9835644309873646
1.9829270905872942
1.9886097285015165
1.9845644420884059
1.985198696357205
1.9724165565582086
1.985252329567922
1.9879079120915981
1.9771132156964624
1.9813576288440782
1.9897924674768537
1.986035986357432
1.9875731935347662
1.9746457733077503
1.9964550224825666
1.9892384037687203
1.9908599590556466
1.988904144885799
1.9865544508195594
1.9788441914411488
1.9882350506806206
1.9762714942012765
1.9829090185771625
1.990510822615858
1.9744644461946588
1.9890615521446298
1.9869156466520164
1.9661140917033457
1.9677492803163275
1.968675682805992
1.9750902703083932
1.988882366183888
1.9910235683719033
1.991886443596474
1.9873802262356879
1.9882898847246944
1.9910006594658134
1.9873210319025354
1.987397561104582
1.9869361724200931
2.0244728154998293
2.071488846480151
1.9868915848118802
2.0079744403756705
1.9523854190776377
1.9861857051437402
1.9365140026801324
1.8323511632651235
1.8406005797031078
1.716771938006109
1.7096859193573901
1.8669987373820043
2.0447521795995995
1.870811643537581
1.7317723840553043
1.7547943663644605
1.7445421900364833
1.7451816478926512
1.73256636723597
1.9625405925110948
1.7366129470356546
1.7280295197158386
1.7297258668698037
1.7365966028123772
1.7642078145645053
1.7514040362550085
1.7405695745513037
1.724296105437884
1.690866899178813
1.8857575819750008
1.9146934178014532
1.733683647807429
1.9336555328768041
1.983363500066094
1.9755765068228592
1.9889450463413512
1.9880768698075968
1.9879803821841895
1.988412855101805
1.9852152153430123
1.9326987300121432
1.789990508255282
1.7825224881909119
1.8039749809336532
1.809581460444461
1.805530614234646
1.821026466511859
1.8198483645748653
1.8415086364321414
1.8710329425019367
1.8077319016041309
1.8371346178502679
1.8413935380383095
1.8877665990502077
1.9227282721239074
1.8134779400509577
1.804697921052093
1.8490571098835082
1.8894932141979626
1.9077586123642902
1.8709207188700747
1.8785113421461903
1.8668175412847585
1.901547771036533
1.87620809918939
1.9056302767892561
1.9027138148197695
1.9011988962928728
1.8716933348225366
1.8639690544806808
1.8422680335378623
1.8530773955035424
1.8439898602895846
1.8079418653374835
1.899765938122623
1.9126022498234425
1.8600040153234219
1.87846329980753
1.8883417322657656
2.1656428929531875
2.5647052780953197
2.171726825548291
2.058920481489156
2.248749569092874
2.2432474949572803
2.489849873500528
2.3334954376946246
2.3809049450548887
2.6517200595430372
2.6244758219181055
2.5392605765002014
2.603846002073736
2.5671907424116696
2.890198088655206
3.5128004553857712
3.344675423978857
3.428123144657511
3.2979017432995072
3.2445012036943672
2.85622539760783
3.266768822766773
2.916819195170767
2.7940388269267102
2.9297730278835643
2.7840165218625907
3.1518156788617016
3.130947844450432
2.9580253138563544
2.494702991359747
2.895267131775109
3.15482470487978
3.578406771444985
3.451825192971185
3.412543254292728
3.075534388833603
3.1788299050894286
3.755010243666103
3.343649802651903
3.3324077937212455
2.988820634881494
2.936063869950998
2.791703361987275
2.8728606450683656
3.497231964752807
3.8684214377877413
3.595660288101889
3.43242734149645
4.085584606675367
3.5584779239198427
3.653356318745487
3.790490409943336
3.4949464518420728
3.003798483126165
2.215652706054418
2.6918878471860443
2.6308961697058724
2.1960428797899993
2.0401932646384444
1.7674857178217904
1.802846655470733
1.820692204271803
1.9748209789327318
1.848673900194475
1.8400180981026266
1.8356782818166406
1.8361039477156549
1.838287341611135
1.7899559586016265
1.7669259872968412
1.7659582445438227
1.7778946330362537
1.8748474473007817
1.896206742006588
1.9989491324147308
1.9271845231407339
1.9362851928447
1.9196984676271902
1.9361861808751093
1.8479890663106222
1.845842715323594
1.8305702225541165
1.9029106826350632
1.7857868325078121
1.8776762287661364
1.9772216253441155
2.113024722089437
1.8249723015026933
1.8608038811963674
1.8265995358854648
1.8360377750063501
1.8396451471399708
2.002956293785155
2.020469800201734
2.4299336217624465
2.3584022062320784
2.6158626005772625
2.7299949972946504
2.728311834651418
2.69473853386276
3.012394518400238
2.78472491022263
2.7305837494546954
2.567392591161032
2.412315608630441
2.3310570774527446
2.52560334701262
2.6006694253338964
2.629582453422815
2.684821871750027
2.6052486434508495
2.628460433109776
2.782985809641955
2.713854193901678
2.9015867636498225
2.8286298941328383
3.2062949576699995
2.8230019057601807
2.5008019725291715
2.3238379521326427
2.259388947264104
2.2593769286112058
2.3869233103693963
2.797024305797684
2.664437295563465
2.873671294242363
3.014290916709915
2.809086491818265
2.3373278215792546
3.0147480441655046
3.5411404975958227
3.363940133720595
3.4312350456674197
3.1824907471011303
3.2025075487689754
2.6031772019406256
2.80988934955892
2.7729205751311197
2.583290282607826
2.687163993738985
2.861093569005763
2.9081014001363332
2.8626514541964054
3.199054800671566
3.0779472252451954
3.387574530302221
3.6154027065337213
3.2839572865439757
3.2318990505308047
3.1323726577514743
2.957695182449506
2.2522230372159906
2.2166368932675544
2.2724706081749755
2.1366124601126923
1.9201159417302558
2.2693899153195853
2.048524835684921
2.2757793555100787
2.176202607309464
2.245107305082157
2.151412279967601
1.9246563961741838
1.681564386968219
1.7086103645678272
1.7511335266564987
1.8185874426487916
1.9687255912464672
2.108568810820639
1.9381886616970865
1.7691667132997355
1.769725807215093
1.743774145502908
1.9778232251509953
1.7673226951816126
1.798294747607871
1.7985648491137771
1.9796179577164785
1.9848662458572865
1.9508073924378229
1.769366808286145
1.709768287668672
1.7854980410386678
1.8515973437003024
1.8494814486384745
1.9043834869956364
1.9813316418407456
2.0370571797116255
2.032807325677647
2.0463521146024557
2.021289827010779
2.037009982824111
2.0067360753872494
1.9492209542970547
1.7518578956166742
1.7687254162326047
1.9436702883875465
2.3697450291681763
2.356964518562209
2.0201963445230726
2.1036357301662987
1.9964507077077633
1.8756664917766295
1.8767058713664284
2.2810779211980137
2.760990041219982
2.325004910090358
1.886184955166454
2.256691684104909
3.478877113218783
2.5324052803863824
2.229049617905802
1.9808602121219994
2.6242555640335015
3.1039950538248378
2.0329475816024996
1.9777136710075243
2.6160121385913877
1.9797502668592208
2.329909734656454
2.9118929211643247
2.1308800869943654
2.411083142544425
2.0929308836648075
2.8380251408628228
3.016737095118081
2.041117852117391
2.23028084888967
2.9616004799055013
3.3853687750162997
2.154841251738579
2.1564552873294796
2.9305912337211475
4.1654700162116045
3.2510599663623725
2.568983546497271
2.1657356009701165
2.252638476559943
3.405983716124972
3.6464892963122217
2.7201401506571927
3.107179466523616
4.1159052268038065
2.213685773230601
3.258429932907427
3.0644112132644277
3.035877660330348
2.151888853829602
1.97890706707219
2.663777007699323
3.200137343338095
2.5129882768657508
1.9764084629626724
2.451801786373597
2.719158470046074
2.0021800516832275
1.94011634642498
2.2191926664139725
1.7679789144648093
1.7683321760822686
2.156934256434287
2.06453937760003
1.8862887576209428
1.6964357830865529
1.7111713310572854
1.7746404968684173
1.8186995101600478
1.8978782690032268
1.9101613171887466
2.0791852437620206
2.5264585464056766
2.319511194748471
1.9134992063183633
2.3981592174138746
1.9568067188177418
2.055593363926205
2.1822141946534757
2.579589001803203
2.1803860873179657
2.0209595766961166
1.9884731573764178
2.778520358481836
2.481636393385785
1.8654431998581311
1.7569467435282529
1.7651355106078952
1.7519032117620725
2.1016638659892144
1.8675454107602527
1.69316216079718
1.6020124047358466
2.000727981493682
1.8475756466175397
2.5242122590184874
2.513365748933899
2.5745704514345986
2.1186644989886956
1.9868694639664413
1.8631293744113566
1.8187237385321657
2.1022314183190134
2.3076244376087476
2.1727872173015914
1.705931389984162
2.1001958489818757
2.732842717572793
2.274204724122696
2.283812603171221
2.5045169430564345
1.8345778323498612
1.721451207538498
1.987819201767684
1.704257289142275
1.6729647227721887
2.340733532343948
1.7064783878639591
2.0372209667904913
2.0288121277656406
1.703164757926266
1.7099577058549216
2.4711463569250394
3.2687114607452026
3.1804211873074313
2.6293233816398156
2.2768937322862715
2.776661849981674
2.395075115664318
2.5709336922039636
1.712088973018871
1.7327408760601193
2.2493558376948566
2.401977990173564
1.9592273544591554
1.8746269599837402
1.898322899571959
2.5184217568715654
1.7577481495195741
1.7589750424273647
2.4769292552338675
2.702799552592716
2.350924828808548
1.9647633350605647
1.7392338130800373
2.413364430446594
2.845822610379423
3.338959108785948
1.7191024618482866
1.841974441945036
1.92369594612945
1.8457612055258965
2.347887653314582
1.8839085379267457
1.844482445397075
2.196020578999423
1.9859727693755838
2.0729395188801236
2.328316953226734
2.069139170130483
2.3692345072536196
2.5521964874956917
2.732231322851157
2.097959760266175
1.9895943551271673
1.989199335571772
1.9962252252707817
1.951194272402639
2.420065457770098
2.063577584857535
2.160511258061619
2.7179735078294662
1.9831024316717647
1.9823854813096256
1.9532758116058992
2.1698313427396614
2.9768115631926744
1.8765298726721755
2.064920774999258
2.2462040765160585
1.9829149109086435
2.1274477941634617
2.3250159577397356
2.671546007634444
2.2197770150703415
1.9679987201361795
2.0588107612503572
2.096879295780372
2.614041142572387
2.1510691358850105
1.858955820438856
2.3526479308253254
2.087882090333676
1.8447196425862227
2.393705472249654
1.9745493433180157
1.9770918908904858
1.7095668278351015
1.8790585463615017
2.34974986033214
2.542198253714472
1.898091139277098
2.4237059252849678
2.693324113962077
2.54805398135287
1.8822317341904806
1.7660279564328987
2.4544961940159347
2.3961662222255558
2.611408667487943
2.2598396025029106
1.821082754526083
2.6313709657862194
2.3155296334953968
1.980015822348497
1.983342883520538
2.1016407914445465
2.178951902614892
2.2076002271347583
2.06885960860868
1.8286108385104827
1.6609528549549546
1.687603493257279
1.6972592684622654
2.517122732094562
2.3282755287062566
2.1332268125051668
1.7329608372011225
2.4155689503475193
2.7019468363210235
2.3879398530573477
2.6286726439345998
3.315892792311305
2.400342461916334
2.323660379606898
2.9102901980152764
2.584475016327889
1.814489964058946
1.8275683242065044
1.9018048686749771
1.900933049306181
1.8947854895818665
1.9470504834719464
1.9836604228512582
1.9761973204489642
1.978051539110631
1.9883538902212134
1.9748871780881174
1.9833080301512163
1.9783469445761874
1.9910921127833177
1.983892743959951
1.98873581033316
1.98765328721902
1.9901530760716497
1.9901671257553142
1.9844402262680578
1.9665270223581113
1.9909493982692734
2.005150429908367
2.0460304388987574
2.0117935563672598
1.9923057804231836
1.9867924625145599
1.9899709336933264
1.9893523529993724
1.988994252048673
1.9849277991959802
1.9874063652331175
1.9846847263838288
1.9697845873678859
1.988796354028565
1.9817510964674325
1.9802126880299646
1.9916604566168667
1.9826020415385492
1.9808743756951763
1.935725980239463
1.9109366399730598
1.901666472418628
1.8777438446105625
1.8976756082818613
1.8848215545107607
1.9347960359997014
1.9564095510485207
2.1955474061883127
1.8491441960264001
1.874714635847739
1.8890690849045686
1.9496422489465985
1.9909165041501002
1.9866533659352854
1.9947126661119217
1.9866596648953303
1.9880518428877603
2.3271801842509374
2.189413978553969
2.247944763041256
1.9914952054853627
1.9903069894843404
1.9900887537099763
1.990695868038657
2.195656069833402
2.194263085247705
2.503206042441707
2.4312628520991844
1.989032090328752
1.9853791274060917
1.9877829332982055
1.9844265162661077
1.9823621187674492
1.9711726909838585
2.392452165538736
3.121186566171764
1.9815739864720923
1.9019677969376387
2.0087715118261795
2.435674292907853
2.0673566290238585
1.6969408871109308
2.240374021706546
2.7449849084419973
1.6711276237815869
2.2837788181535
2.4604829562367145
2.5251399974654753
2.687025943091701
3.1634957004811395
2.360693930167568
2.4997351462748183
2.709558820888467
2.776163346299255
2.0210344437406373
1.8285774348509023
1.7695639163105714
1.8662264715601742
1.9859376801288524
1.9854141782198034
1.8655096627665457
1.927112566106456
1.9872201253777981
1.9415191779711103
1.8963982436660527
1.8794198401721087
1.8645230725591342
1.9293937984221676
1.9915688267474494
1.9861759053144077
1.9838978086169667
1.9156708899284776
1.8785687924439896
1.9144655795227703
1.935957940116869
1.926867465059574
1.9270471428483762
1.9275342223327756
1.9127418551194024
1.9293463585549675
1.9330926486886242
1.9261860505565138
1.926196738561054
1.9191619958279174
1.943562041749721
1.9908301629940048
1.9863614435777508
1.9813702475594008
1.9836924745730662
1.9539072534863076
1.987208787428215
1.984718464081119
1.987821998100366
1.9875132692410056
1.9915542312277772
1.9204938790718384
1.929988342155134
1.9778214435084192
2.187944714945327
1.9274372167050648
1.9239734690594539
2.4023734441777544
2.62114944268822
2.267810119294675
1.9072832514902216
2.196276987080709
2.1738271527375925
2.1353098522940144
2.022058930276953
2.354602766415491
1.9178589558158685
1.9751948452952854
2.549155903310329
2.1574209239249442
1.9813764591112284
1.990013071089896
1.9827391658080802
2.1275474594934933
2.4602274477303636
2.3664645577601737
1.9885283240741813
1.987990563656159
2.355053526622771
2.765487052114951
3.0508415657399
3.252802985888148
3.2004145622565887
3.5430148673507693
3.388598774719902
3.3384771082506863
4.254398804555387
4.427878963079212
4.410801420542922
3.6999833786560923
3.8660561587125746
3.657796153885961
3.746440124660879
4.038742509955451
2.765969258943438
2.9074172762926014
2.3983264453554805
3.113654465231834
3.30349980113832
4.027011731311006
4.572595105654284
3.743315524201496
3.5084257758912916
4.086945004410352
4.146471600978437
3.6663026773207297
3.6542307378664103
3.855089124980985
3.479903816917433
1.9867561561804619
2.1805766080642965
2.4588432037198076
2.197561424957885
2.4577784157151115
2.6194706455639527
1.9854543242253933
2.2725990141900008
2.1411289859787153
2.3004696953763224
1.9849083158070178
1.9846775173595417
1.981639056779898
1.9991026160190963
1.9906081401969251
1.9973470344115911
2.5349396619177234
2.73506001983841
3.016914501959934
2.4267206624679982
1.997361702260692
2.215421755690543
1.9951329084860543
2.019308039354031
2.1520213620554807
2.5677442220410094
2.2993686379781373
1.9885936335509875
2.1519953383460613
2.131573368142968
1.989779953537236
1.9883241582341715
1.9927056073129155
2.2884385708675397
1.987893223683567
1.9889229392816197
2.080901548263475
2.1786975786718084
2.2888818170219345
1.9986658796437433
2.0381182399053586
2.1187990029082964
2.0075106481673926
2.3130478952113886
2.057411255838562
2.0065260924882744
2.1508164069657587
2.2554831668399866
2.2068740715486896
2.8079244013947378
2.971732898008119
2.8184036377881254
2.5758751793453496
2.280558113461351
2.360402575987924
2.571342535396908
1.9879762801611764
2.153505023406398
2.6456075240329002
2.5265851559221835
2.347278551304404
2.5276033727453364
2.6440012117956595
2.678414966484594
3.1263974109346613
3.077248582473128
2.812487562834851
2.8369606928084927
3.4277361054082616
3.803752410680313
3.273737959343772
2.396746010575087
2.6769367986282036
3.3108823541135424
3.798810969691824
3.428875572134173
2.7410926717384654
2.7466103265736193
2.7000627139562168
1.925970671304471
2.49952160102928
3.1176697603579537
2.24407149452815
2.395985107046608
2.8181675420280476
3.119323659008175
2.5646259187293823
1.9220670789744299
3.174042249287632
4.068512155127376
2.611507031718572
2.6159636109271025
3.308244457127903
3.3352733428637653
1.9440162838561326
2.486733678122511
2.549316988146067
1.9916845607729066
1.7748025104088767
1.764414600805835
1.7674940296316124
1.6956622735893
1.7110346568040775
1.6649403510863052
1.6854879324209897
1.759747907687188
1.8722558064624135
1.9277412190806864
1.8689473616157757
1.8534888013867723
1.8407755911262451
1.8452949240201753
1.8325293257956528
1.8453253238349632
1.860394644078713
1.860780839701381
1.9107414207245657
1.9044939901354092
1.9179801824181986
1.9138968979082651
1.9108153398040615
1.9148911160625215
1.9742418034761386
1.9895746237096823
1.988418096224887
1.960253057219497
1.9222105354491037
1.9817488448928746
1.9871109429660991
1.9815115846311884
1.9888575440413359
1.9754734688636024
1.9321597386773732
1.95022471181389
1.9969470759234804
1.9931769864397453
1.9745123083472598
1.9689350802984622
1.9048327021232148
1.8838515684495525
1.8654082221767252
2.065191489922475
1.8345569099621806
1.9887448544723132
2.111967818628512
1.7911140721712413
1.795525655586076
1.8689376207479091
2.380811636214792
1.9646199373401267
1.9755243386293042
1.983903852830586
1.989372469124848
1.9842410125321939
1.9886440064030937
1.9832861436814777
2.1107405666452976
1.9848960573156136
2.071002430651539
2.063845621760788
2.0687684464081864
2.0575547302029373
2.0429501377583428
1.825485794824543
2.0932425791013802
2.3554146986747266
2.569781987087063
2.09085386341413
2.1200751475254536
2.262133499137309
1.981212939385827
1.9882580716604223
2.690707616114302
3.138371002265588
2.5464389455317042
1.7516385575536817
2.2008343101142325
2.665897106061065
1.8811418570011869
1.7886936296323597
2.4085936825585232
2.926556454771614
2.4178703681187717
2.054368597237094
2.842334452158764
3.263245912199194
2.9697919313966303
2.062542152206978
2.7875252088448366
3.029304579304921
2.5673720826834603
1.9038681575123941
1.9758593141771188
1.8309240824650503
1.7523087622876663
1.7491126224772746
1.7632756575181396
1.8121058588231742
1.863130038348017
1.8164697541821138
1.8086834252144983
1.814879155565681
1.806900736791906
1.7951073869836498
1.8196076244704593
1.8882457957346341
1.869893765215828
1.890226594634395
1.8528315558012676
1.8689528513965765
1.8471361976201968
1.7942238104201838
1.8095422472534812
1.8351868495192631
1.8903448516415136
1.8569615775789658
1.8618776673883541
1.9203277043582268
1.907227548263308
1.899987751786138
1.8994811366675621
1.8839575480584134
1.8412864234919801
1.890076102588285
1.9175271177313342
1.9248455618054825
1.9294279840300084
1.9340953086299988
1.9227726376801015
1.9350664536866582
2.424292174677599
2.3739473523968173
1.9283610630708021
1.9997202045662652
1.9411792566008688
1.7743887420787428
2.2810082662292213
2.7373953612283444
3.3838805183906078
2.0327455449002167
1.9848566685969284
2.579910987430832
2.8091455999676027
2.2182693898264696
2.6334250761917524
3.161999667526112
3.201670362789972
2.277271863452318
1.986308682446461
2.923209536193297
2.824174945641638
1.946291973805164
2.268247077930241
2.1539140186699073
1.7320193652356861
2.373402460528276
3.6344386344040345
2.4252197481529123
1.9036028888078915
2.0651760455931507
2.311552525056594
2.119302972272401
2.2031765737038014
2.2109710208912605
2.8347154106465573
2.8051070974225456
1.7846231135962143
1.707308128177638
2.4372185209307204
3.1640699051956633
2.9690985820577906
2.195000540364714
2.76758911244302
2.3867938517771377
2.1201206404584085
1.7469684158242917
2.9081842040673602
3.010789685698482
1.7278564762453803
1.7424932687924108
2.839775631131177
3.3473954539746926
3.724178176481907
2.1166699860655904
1.7412523537484863
2.6245638159130693
2.4132462527453713
2.7301660783250297
2.963813737883524
2.5104565460211377
2.939767884014322
3.7034633888155244
3.225239862441769
2.999442444386544
2.652960171155691
1.8282806900437378
2.0980067969899463
3.217131418537939
2.029073795949287
1.7040888816105066
2.203622227267339
2.257650125593888
1.9200127147538242
2.2737160175566555
1.7666186727361441
1.8373187421515904
2.747770193473203
2.5807519079354795
3.1648031345317706
2.117692170833164
1.994970259374831
2.237432193483558
2.0133141559274126
2.57121434107162
2.464544048219254
1.9013859191117113
2.4499417140059303
2.821697527939562
3.0208471496998386
1.8780625843610588
2.3801182070519498
2.403625100144891
2.066751547096024
1.8421814736380526
2.431630590550264
2.0433843737007673
2.0077721038948413
2.7514966427966017
2.7743332878097138
2.7107492743203827
2.7905329242588084
3.1170148069725494
3.2770314092088335
2.9821231075513106
2.4719159859100777
2.5921280642716575
3.9811302187009225
3.9641094401187362
3.1761453032815865
2.970563353866485
3.362110004924602
3.4866918522107397
3.100178464529501
2.3215220460731287
3.250741857685229
4.292181622750004
3.9635150187575157
3.6298733285639466
3.5587795067713577
3.185914997674343
2.7791794329805977
3.2654808438371123
4.00279479884717
2.8524292305717776
3.394735118210485
3.1737933982704494
2.6929251157037495
3.469583662523189
3.0754805100693936
2.850232879417281
3.8329984606665866
4.080622536625486
3.0336667861740927
3.680239827081462
4.234834269022034
3.463606901777338
3.452910494337685
3.6671833274583983
3.6580849241547115
3.0649227726770887
3.31304699998656
2.7900412398143293
2.647711240983036
3.090070882675178
3.9948541493742735
3.169472859603288
2.7373398010299113
2.525482577584244
3.5328041663281105
3.504363122851444
4.090688093410979
4.503518699981374
3.9760449770159503
3.7001681789663627
2.963879697068623
3.420532266357963
3.5313491191653945
2.053071366928197
2.5003629295439893
2.5527245027946788
2.0260555192099567
2.7584297061914325
3.5629135053318954
3.5650082639614533
3.932472741004342
2.1153611789749776
2.948003740221804
3.076076492580811
2.361654280620208
3.0722217069906668
2.9008431897368827
2.862431276169979
3.312705310422923
3.140694805585256
3.2317904648527036
3.1772017280784897
2.4462758816629866
2.0872234065997803
2.7330273506137504
3.110988747718167
2.6624370647403377
2.1262766003608853
1.9716723533170875
1.8474769792647934
2.7288307913377055
2.453820722820102
1.8822932348471888
1.9929123797209474
1.8346698185982542
2.2877745512640724
2.726835557266884
2.199181155356807
1.9845300696144446
2.475876518607801
2.686594834469358
2.2547481246315852
2.0045746686259256
2.660796817424681
3.1088214741942988
1.932723300197334
1.870659226112591
1.989569244318986
2.0840048175935495
2.5879737644823195
2.072829102302753
1.9833323727180494
2.8732375219853834
2.6578573617983707
2.3941549795198416
1.9997969298523854
2.3867616091333264
1.9963369184773767
2.3190958798825227
1.981677142076757
1.944850334854298
1.9721545902873372
2.135768472100469
1.7080790627050977
2.0947575341125932
1.7451463511395762
1.8257089562613538
1.9888759402362737
1.9913034404072725
2.6744281371173666
1.9927564140535545
1.993855500681363
1.9382961417779736
2.5472422987408465
2.0800254492390584
1.9363917755193183
2.4305124870851027
2.4557572684834845
2.8042895268358534
3.0947521388726567
2.1796581865164124
2.8474365837607145
3.004129012193156
1.8408664512835085
1.780438087519919
1.8196040628637984
3.319358881791415
2.485256631940286
1.7942741770039388
3.122292743547111
3.3294133629473777
3.182372231375636
3.5913459598024478
4.078877936557444
2.100395792687052
1.9839182286620898
2.664989787757813
2.188940755500701
2.092657039588164
1.9940976079266832
1.984716687678895
1.9949528329128245
1.991384626341619
1.9899716368224192
1.9944507990196911
1.9935318196142375
1.9900074871284037
1.9843578932249084
1.9426336705163125
1.9163668293884284
1.9269241123863803
1.8982798495797144
1.9157881863962705
1.9282680948661675
1.9062409570575094
1.9123837702592774
1.9425230425870037
1.9337993671174483
1.9581977795075474
1.976370265274384
1.988066495042507
1.9902296585328323
1.9889580494655514
1.989529283667698
1.9872647182442873
1.974245227844654
1.9937773137170565
1.9868201763687792
1.9817882837769032
1.991411064106437
1.9804336131613853
1.9698937985314051
2.0883488813801123
1.93708639558136
1.9211426404719052
1.9510416662911985
1.9442879086721787
1.9503016594044518
1.931553118670053
1.971337545315048
2.42411317058148
2.381418252597501
2.3153455291391314
1.9920539291085957
1.9995753539813161
1.9880690243941828
2.0879671955632126
2.7141965565901955
3.1428590504505998
2.0785485833709463
2.383114356380943
1.961136392558524
1.9798256084210062
1.981760887308714
1.9421105302661412
2.0225427183308238
2.280440183085917
3.3167864592854466
2.6876187511055427
1.9842825933645603
1.8879621535612057
1.9975903266035007
1.9681111516516183
2.38517628603135
2.769737543156867
3.3508251592798293
2.1287326818750834
2.9747163099666647
3.6678807938934272
2.590301080211214
1.7608632496934218
2.8234255049407446
3.4544653463557937
4.583461102721559
3.371017574467365
1.793888543974858
1.8157433723672665
2.685386456321364
3.805821924598736
3.6397557810518806
2.7392955641793826
2.156570461519277
1.8272321057975764
3.5068633630086357
3.3323963899657243
2.5014647125527034
3.015693682217208
2.6052487484556153
2.1232342426188593
2.871469433855779
3.196837182476152
1.9865393077674054
2.071443882318157
1.9908799099201928
1.7398113058958515
1.9905512815695374
2.0756902440881975
1.9836571450096623
1.9829145174920164
1.9854148028432888
1.982965394852173
1.9879631665762423
1.979209223474708
1.9708633731543888
1.9839395053790267
1.9618650744498054
1.9561419240991318
1.959188140227984
1.9757694582817056
1.990552612850146
1.9872890704134647
1.9847899616706426
1.9210771550808292
1.950094356698166
1.958692718206768
1.964423377862754
1.9847601226342209
1.9905045024194365
1.983069283975103
1.9765103433842581
1.9883231686306087
1.9611661539461556
1.971603907378921
1.9913706377488885
1.992166770658602
1.9917386047199162
1.9895705305967435
1.9558730154172685
1.8577957125341906
1.98802835764932
1.9901076849629429
1.9710219592864824
1.9851574231514892
1.9559480138553247
1.9158900599027473
1.9892441013221895
1.966857932130589
2.1676743810756123
2.590001770584487
2.309009570564624
2.6924966992462216
2.6219185339055415
3.085335725737137
2.2716544742985314
3.093309367012949
1.9798671129926857
1.9747173340749695
1.9730330959134053
2.5370569279673663
2.366288410578732
1.994268202395577
1.9954112909021962
1.989536403756581
1.9919399550736423
1.992990130337011
2.0248378628717396
2.0134756284195863
2.0270672187706453
2.0396528340567253
2.036602011919037
2.4576420610264305
2.7936824599872945
1.933219881778767
2.016484265626498
2.4585377257634455
2.4116264758245185
2.0318739381181983
2.181139166281392
2.1649329562511106
2.6606592945955025
2.0094315342382507
2.0284363651844295
2.7575280670228643
2.179515256001484
2.0332183633978516
2.0353219375856497
2.4411870431857285
2.026678199855635
2.0295709978954113
2.631063210393644
2.878553561724958
2.1909119545681985
2.5454833368081315
2.0517464772468457
2.049087045175364
2.209561715864354
3.0421700275247012
2.266709908932983
2.0240883424738945
1.9929270996881179
1.9941282757497714
1.991883888497934
2.5681554286805794
1.9964713562755614
1.956448241950899
1.92913888612871
1.9729182935405725
1.8899164641772672
1.9952569449363697
1.9968378732083654
1.9957614339565282
1.9921238735889097
1.9898978423230567
1.9790546973675043
1.9857960210244714
1.9800937472886038
1.9963741122573468
1.9973663432853082
1.995744765028229
1.993447335779689
1.9954636324400894
2.010107314253976
1.9947970564276922
1.996175677949068
1.984486042159177
1.9865278175385916
1.957143407186158
1.8612362643921943
1.8784164453035073
1.9557511346540022
1.9664261294534295
1.98355086944367
1.9979852955752961
1.9920631989046955
2.0003788624836156
1.9989188558579976
2.0023254332295797
1.9629385230429914
1.994603702989146
2.064371607967683
1.9891096730895632
2.000142509024472
1.9937777046909146
1.9937249469976914
1.9933213513979617
1.9950895340826895
1.9937685929185442
1.9936182085098593
1.9940524330805798
1.9937730684518464
2.2735302555069654
1.988901001810864
1.9686344671151352
1.9704210689007922
2.174093520263409
2.585933273465948
2.6350875910817133
1.9883037572194533
1.9578414022195383
1.9914162511295623
2.9411872565749184
2.6266621170310867
1.8051489317412226
1.8533733232472813
1.8994383150242833
2.3792444025520663
3.3789189812935323
2.3541158778116222
2.0397445584826195
2.36179474119972
2.106155552880181
2.765082805918764
2.095193536067754
2.2174165055232735
2.824364809604077
1.9065105205156057
1.9527115205152548
1.9885940376013331
2.577103013841652
2.3642123590853235
1.9984548811298442
1.9558699270661992
2.5828050561159412
3.324286584410529
2.3372951627079472
1.9002659889140057
1.8867226920474238
2.2302717878535354
2.229004565461782
2.381457087742921
2.454709088366247
2.2060829083514473
1.929466040691163
1.9849917788179998
2.2397068467505346
2.446556743604445
1.9583829527303966
1.9632805399233741
1.9783724171312889
1.9573168354307382
1.9375643629334514
1.9292198017531275
