1.4991394279099524
1.2458251701381726
1.4369301372980356
1.4352360558958526
1.3499900483576106
1.266251737768353
1.4231718518961063
1.393570696721311
1.3994438969449527
1.4015582801046
1.4281322468778588
1.387921551101791
1.3029361634243204
1.4501086846200693
1.387103043424561
1.303747433919441
1.439387062778372
1.3647785638967314
1.3338973794928197
1.4820246952667406
1.4219065589454658
1.3303382663847778
1.4201752042937157
1.4604304733509474
1.4031855516722278
1.3424408660908813
1.270776855556219
1.4049343975344841
1.470299428276107
1.3478342308592834
1.4016395384651836
1.3471401368499236
1.3043437866736212
1.2820640105901442
1.4518434848589359
1.4709425137051755
1.3001092218679888
1.4206506468300055
1.4290826088009492
1.3202571663069582
1.3425495445616642
1.397107413341826
1.3714951456310682
1.3877627084298287
1.3606482112135294
1.3749697230144162
1.4668048780487806
1.4377871474265773
1.4532771227868382
1.3525481009942062
1.4758314911575563
1.2274686843048543
1.336617492096944
1.3557228211889585
1.3701779624893435
1.4208500455274031
1.3239768988511005
1.479309603681664
1.4943470822158513
1.366436094369166
1.4280509506820203
1.3906645431538525
1.4253115547489417
1.2584920640728248
1.4813215882437778
1.2946312738182113
1.3123164641666154
1.3357088803965345
1.2904409239715209
1.3524311492888605
1.3626178907088604
1.4132374553852614
1.3140161215041688
1.3980834932205444
1.3536793292934557
1.4131750116780215
1.4016132434289756
1.3262773688925007
1.3413260726984015
1.385671866855313
1.4174280138595725
1.3114546537855898
1.4208627818997626
1.3418454892302722
1.2452973582428248
1.3491868002357101
1.461725905811786
1.3856950331736089
1.2743167475825221
1.3575437519189437
1.3289954443493746
1.377147694618989
1.3799363290398126
1.4884935101026613
1.3484310014743748
1.234035003934916
1.3640430035193647
1.400812723034716
1.485373413623988
1.465832674409326
1.4570071755590777
1.2625199466631694
1.2707797792310893
1.428557442850849
1.3329360670947579
1.4797604720110369
1.4109623602778434
1.4232077909253988
1.3828885374720818
1.4751994807168642
1.239628881334936
1.3531659833283554
1.4301654695948693
1.3432574466194325
1.3794007619572204
1.4340537760447813
1.4998507540166637
1.3185083589858198
1.4294682870591093
1.4848632672386581
1.48890707977803
1.4625959580134733
1.3974616982601926
1.4992922639926796
1.3270309152770194
1.2342835143329216
1.2416327807319363
1.3517816397013713
1.4976995485168347
1.2999084028346908
1.4241328265092652
1.4145180403644875
1.359659802832218
1.3970532535413984
1.3512461269028695
1.3397912140760515
1.3110587762573385
1.4562274517046012
1.3924544163802124
1.3157000810669266
1.4209905053850824
1.2880011366596413
1.351060857626361
1.33030830139078
1.4357679770784277
1.3584009016059855
1.3510431568907966
1.3390395687176995
1.4172147626020701
1.337839803471571
1.357728550232545
1.3004959268583949
1.4686212113307944
1.493397194254903
1.3383259439119441
1.4540144969018096
1.411484064484975
1.494198585930659
1.3569978856644827
1.4242702934937301
1.3115291020066222
1.3705061237011857
1.3348751394490692
1.3838685261930168
1.4548413454991151
1.4730445399013488
1.4307021217197098
1.3556949438894328
1.3389664815348543
1.3623336264524337
1.338138967899228
1.4371676846684538
1.322419203421359
1.4592670045182565
1.3137739819103698
1.3956389898381985
1.4035768465765435
1.3322324799455072
1.4666745374146741
1.4051065130975438
1.4197182004866349
1.4950211785687753
1.4053959081680463
1.3879382761139518
1.4576893916017952
1.4593009738833924
1.2946390726646146
1.3774527945759096
1.4529291261542228
1.38813793041895
1.3208409138477888
1.3958166195556823
1.401225348027842
1.352548040060391
1.2907740281546558
1.2597207475047778
1.3195793880723572
1.3180167466024275
1.3251598129949433
1.4355332326383625
1.3961635775618761
1.283996910931869
1.3908268336727245
1.3450251758145733
1.4137925591526839
1.46652585765489
1.411856639520777
1.3111660398973926
1.3481392323969639
1.407768446310738
1.4422353691526095
1.2888114175804253
1.4630748290136786
1.326219832200911
1.4909623592611674
1.4502610796112012
1.485662339888985
1.4669146471069916
1.3596302940988019
1.4294414868072616
1.4998865651074273
1.3665329166962574
1.417476068996185
1.3949720174113887
1.4351659963887062
1.473922114047288
1.319728487490523
1.3354068130744832
1.4804673151236427
1.4654307025986528
1.490604709548957
1.3760536583016234
1.354508033461692
1.4189880776525081
1.490177313448707
1.3165584928929437
1.4124354709584803
1.444436566650191
1.414195867026056
1.3775003419271012
1.2421157798584155
1.4873547329384933
1.3554002004441206
1.3975405711410238
1.4725200962656149
1.4684229739596013
1.4538743375569756
1.3273911729141477
1.370852152965974
1.2939431869674707
1.4392475675675678
1.2393662063574777
1.4384293569208702
1.3435277242897001
1.3052742693493904
1.407018915636594
1.2410631977875652
1.466111599190773
1.369736272197892
1.3234029966631848
1.3212219620639405
1.3293736630855386
1.322379593236014
1.2870885170097988
1.312045086437709
1.319790466991121
1.4085744041627308
1.4332825911759817
1.4998847700988884
1.3761207434875455
1.378011388523872
1.3433327924233258
1.392347044186736
1.285662432512272
1.2572363751084472
1.333815863403671
1.304646039674206
1.2422712048106241
1.3669936271135057
1.2975137381048116
1.4729053258790645
1.4517953053511041
1.2913619230403475
1.4677418706378051
1.4068286584889447
1.4127532393156275
1.3994913161927462
1.4645768505938557
1.28217975158841
1.4269583274724786
1.447341848841319
1.4067047185850867
1.2800521556230857
1.2248398950131234
1.4813561310046313
1.4111933626876774
1.4343668417454003
1.3465673548008879
1.3855638635180543
1.4239994202611652
1.4494143679499554
1.3474995303079476
1.4192837426768816
1.3820009370075386
1.4135874435141202
1.363463510001669
1.3553612908393484
1.3897958084154949
1.3846899706628215
1.3615235360158804
1.4915447504302926
1.323737591072992
1.3541799980715117
1.438872266276948
1.456656253754656
1.3502675870627476
1.381032217920354
1.3080822588195242
1.4450068004447274
1.3975211756803252
1.3366000368271376
1.3625091275636552
1.31390090643413
1.462364809861612
1.2831708066188046
1.327166837202738
1.4004467776164413
1.4223775480477763
1.3592975536961038
1.4469049017237214
1.4125055434263492
1.384397017430375
1.352621422850069
1.4031918413334286
1.3406997309371935
1.219985250282343
1.4142523008540269
1.4265290584552917
1.3329757812298069
1.4377899974332142
1.3334187746254007
1.3857971528446225
1.4124717895937704
1.470695550337506
1.406714395608238
1.4095135040101803
1.486801057949883
1.3856908097956355
1.4330869211573256
1.340418915946051
1.430636721519916
1.4577408026882412
1.3022032247877047
1.3588806746703528
1.465923196658326
1.3335610406034055
1.3578157255219632
1.376164345660795
1.4356080434327423
1.3401618239131114
1.4272783468738963
1.4237024860836294
1.385548186328392
1.4172343324250682
1.2743157429363772
1.3796473237898617
1.3176127702817138
1.3169750043726445
1.4615526079860233
1.4001248018349242
1.3277838194503846
1.3774414893617024
1.3520848701323913
1.3121967035551152
1.3158710759161247
1.4471466195087888
1.3760943040780143
1.3568172458068533
1.4808131226928116
1.3253033284144944
1.3541109749376943
1.4316350814374919
1.3610769342114786
1.4343935810649076
1.3871890639418574
1.4521790484266635
1.494829437579757
1.2704383223506146
1.40855620070375
1.4784604614126688
1.3111131272475338
1.3524043139497743
1.3536344430969054
1.3893330212622785
1.2477049144005083
1.3964846546704215
1.2777975081129689
1.3808256164472683
1.399068855672629
1.4933590795955982
1.4408921933085501
1.3103600216925086
1.4407272277533856
1.3561759516910985
1.3024335754731562
1.3610837650812357
1.4602550944971604
1.4597730635231234
1.4607611412890251
1.3518943857476682
1.3815009943103356
1.4855458441275455
1.3075718328101025
1.4458064670391422
1.4231410411021095
1.4329036725014306
1.472845623455744
1.3402154588554014
1.4642910508585092
1.3131379296859724
1.4145572002007025
1.4022212779108396
1.4716300372335165
1.396301761289114
1.4693385996229626
1.2562548725204283
1.3524179778315857
1.306939332402589
1.3310848653073282
1.4485358560602155
1.4463239669601962
1.4812440371216282
1.3708494160212747
1.2447819216808922
1.4172962702049416
1.4444909805484116
1.3170442993954308
1.330889157827294
1.2643647835458953
1.3729251637841602
1.4151887783476487
1.4217221911355722
1.3521126760563378
1.368083049584691
1.3389854226852045
1.4851140003768608
1.444847504021587
1.4406859759714632
1.3639106925377322
1.4268077388982188
1.4973664527811674
1.4059021495814292
1.4577848473064543
1.390601740885581
1.3841475693745218
1.3004443623563153
1.499850711608002
1.426584252813981
1.3088139465071496
1.3957167506062302
1.3837304668754853
1.4139012317903144
1.39793323692456
1.3979481179190092
1.3918446230087387
1.387676408142875
1.4023333596692211
1.439086025773332
1.3795426351859756
1.36519430902882
1.388278805487742
1.283258028142172
1.2684349892269586
1.495726824761318
1.3770922461640338
1.455396649432812
1.4592903377355535
1.2961537476715081
1.3707171519703678
1.479183377693514
1.342343934040047
1.4958661767320574
1.4063780811936444
1.2799576374179658
1.3989058510091628
1.4439956508976304
1.3928600855068618
1.46922347760943
1.3988518316019682
1.3587573135191655
1.4857978245199122
1.4033176374708527
1.491635934895926
1.3185329393795229
1.3937876124649944
1.3889022606926493
1.4101870277494248
1.489065676530382
1.3394268361017898
1.4346970581704237
1.3599349272236219
1.4951095599082904
1.48774452588823
1.2735432916497458
1.384923735030439
1.3148911489187847
1.3049183205296715
1.262345837239278
1.4198230922803905
1.3598185192284236
1.3283063909774433
1.3505031379814085
1.3915510231139787
1.391277003323486
1.4591968318886588
1.4182086903905278
1.208544958284677
1.4779651429033216
1.383024412296564
1.3937113289163883
1.414953413212063
1.3051397770358213
1.365108177185928
1.406355440013275
1.3913128310722174
1.4109050606846094
1.4909720870995702
1.3544263348824153
1.492710514701049
1.2877796159102353
1.4600709849157059
1.4509760088703691
1.4115419019399562
1.4762396605665797
1.3210461147178905
1.4758690871660507
1.4908712275128366
1.2769077862891496
1.4595020337149978
1.2820626398449795
1.2323362223615104
1.3102085571432032
1.4150214999367647
1.39058744566607
1.4265853579553276
1.3491505953564407
1.2880912469936594
1.3874184861525463
1.4525217638152916
1.3459389151170633
1.4126079873094812
1.3821991338002213
1.4932531722336257
1.4524056237194738
1.3471083231334147
1.391340543875727
1.4500781498740918
1.3855751252279498
1.3034295637074016
1.2908742331288345
1.320603545301069
1.3468761095934088
1.3859149133969877
1.3025668044852718
1.3515126896381198
1.4457761115751444
1.3186609856385194
1.3203013341664949
1.301635736002027
1.2901556076878378
1.4804208556278042
1.3487594491430286
1.3883569288609527
1.3813254415226814
1.3410363600322823
1.295980964213609
1.4276406198170877
1.3011291914346699
1.3782027244046986
1.3001399599584753
1.433129558129558
1.3699811575799776
1.417366941037581
1.3395696138409379
1.4073985305096062
1.3813942371221368
1.4960795482088323
1.4560048505000471
1.418862746295547
1.312742276867464
1.3467134252334567
1.3892319107793318
1.3391718955383052
1.4455311404691296
1.4350363781332538
1.398562975486052
1.3204630554168748
1.364936678896911
1.3427138699960866
1.4282447428732257
1.433953080114906
1.4210708529582046
1.3481610668606199
1.3309208618366057
1.459020328087824
1.3933631812628504
1.3425999019469348
1.3019536111135628
1.3899597988551715
1.2287115818718533
1.3870469546426138
1.3100826836920632
1.4000315275077504
1.3473198700543059
1.4804679893550274
1.375244761540366
1.2953904294582632
1.2798472268349386
1.440905931589299
1.273900054318305
1.467431652132925
1.4161910591078186
1.4576856534468992
1.2804181142925601
1.4921451654737787
1.3565526203360863
1.4191627992234561
1.2650285050675676
1.4480532379817241
1.339575771999762
1.2791071911161338
1.3732972069910898
1.3243653181490411
1.3569274847362625
1.4200490120998623
1.4801710827771692
1.3697203364561155
1.229171286130165
1.4698778713891034
1.4769564256917216
1.3057607161268254
1.414397490468481
1.4032598036737869
1.3393240888951776
1.3623545609845231
1.3422000523925954
1.47837729859304
1.3929433522679509
1.4851397381131868
1.347415908546804
1.3230711294156572
1.3506982919792831
1.3956323165475626
1.2345133561327293
1.3730500004469914
1.4236763895613844
1.3874333660029163
1.49930320312165
1.4856399490810017
1.4040383396176046
1.4045130701340702
1.277751530798247
1.3930223409074654
1.3687310503420096
1.3914886395065245
1.2872840708959419
1.4729898222518631
1.3157846474368382
1.4718656723107124
1.407321611428857
1.4943203198494825
1.3197828884553116
1.371581574812546
1.2774018823090232
1.372546853474045
1.4484830464735319
1.4974816358462744
1.3021201855945095
1.390970036894363
1.4161615923401645
1.3904203706022285
1.3849954112143998
1.4128420364112069
1.48184061925964
1.3305468821050719
1.4216431690309124
1.3096765055224107
1.460622230952225
1.3987737441475023
1.3799188819468333
1.3410983648861052
1.4433262198079353
1.3788068568833725
1.359800161410939
1.4929046672067958
1.3907539531658877
1.318598231381809
1.4178160561670068
1.4810024298551256
1.4227411455745618
1.3995083233827352
1.3031171573118752
1.4537021240296855
1.4410177636724626
1.4235496738090194
1.3757510345376416
1.4139278439360705
1.4452152579491588
1.4003168364482232
1.4044336074689765
1.3945327285031028
1.3466702351671298
1.454985332299289
1.4301178090575273
1.4675246944944413
1.3112434234444346
1.4635596140592695
1.494171958041384
1.3626680300803136
1.3319024546510232
1.4949096871187033
1.269380445105083
1.4389091918956123
1.4678047790371878
1.4738123287012554
1.3850197292008084
1.2695842376559956
1.3175981396262417
1.32376213636613
1.467899629045325
1.3033787998502933
1.3009871962632307
1.3584528328107492
1.4256108401331085
1.403674971405838
1.3464823342749896
1.4880642179733632
1.4302225078675586
1.4359575237550823
1.3798685718855799
1.4112663083667865
1.3554459029510946
1.4125491400491401
1.369520423187262
1.33530630188201
1.344612227234578
1.3328239317242847
1.433746050685668
1.4162113570561317
1.4005095235554608
1.3581981664315939
1.1973571679469754
1.4683777722402194
1.4720620768250992
1.4940735186318488
1.4370812833167304
1.4787217108774429
1.296305134130413
1.4713565715537889
1.4049742218056047
1.3588784119106698
1.3932452684764922
1.3669413136416633
1.3668502509760176
1.3775750261395745
1.4177894746444568
1.452140088392987
1.350782593051613
1.4031395061826695
1.4099845748441415
1.3641753172689604
1.325361771170634
1.336322788445459
1.4846666480384487
1.3875835071224063
1.3250745384741052
1.4708694490053076
1.265151864844904
1.4619869238681678
1.4529377367473248
1.4323427204461652
1.448251046272171
1.2973401114374832
1.3880166452980371
1.222421730501816
1.456510896547523
1.4868899099198503
1.3415331474619825
1.2618652233634704
1.2970143742871347
1.4501422780073288
1.2515090577375667
1.473902544369405
1.353481662591687
1.4349116197965073
1.2938655066466982
1.456114563150041
1.4869579032506548
1.3768677238976994
1.403689571544058
1.4710731240668389
1.3285618701972788
1.3641472283596816
1.3745648921533986
1.3037456162204635
1.3605367118298817
1.3024079320113313
1.2889209517952598
1.3714758548433184
1.4558839661830096
1.2700965818078649
1.4852920023014964
1.4461261651322186
1.4268138832112507
1.3492193453201249
1.3685562989669278
1.3813083552789083
1.4083869148336154
1.4728583527419012
1.4959968448037864
1.2719626921647942
1.4739972765536027
1.3689467917670282
1.3386188365314553
1.345189887820942
1.3466664696495063
1.4301905045393657
1.417186821990053
1.3936100278551533
1.247442207720385
1.484861542190414
1.4891417603509736
1.3628195506840262
1.475466136256314
1.4762833622630485
1.444609459081549
1.443748336143402
1.4869650762420066
1.338837033299697
1.4288804708238472
1.3295085571264291
1.4082117068674145
1.4097823584973055
1.4650875386199795
1.3445326025570996
1.3409770772281515
1.3114382729572023
1.3196424024881561
1.4575989592219756
1.4261041749359504
1.4039998059131784
1.3973007590821345
1.3909318940225304
1.3541908521012307
1.291865065771444
1.4283468853725787
1.4584370299466702
1.3194445356357307
1.462909389986415
1.4964776132754845
1.3508180913081318
1.438445829282802
1.3107675453495482
1.4371514577755427
1.4469071013845467
1.3099086108093938
1.4275379538850113
1.3146136974671008
1.381283986875617
1.4082844813888726
1.2970575627877978
1.4501706409006292
1.488037314114433
1.4998312772133526
1.3916964866623291
1.3054772759207505
1.3934258953428018
1.3195436263646065
1.4871498693119845
1.463645555862413
1.2690356576528536
1.3780361993313832
1.2790477632276136
1.4540793755345611
1.3434062640919238
1.357857349390058
1.3878728359051564
1.4824892319781149
1.4261919167473378
1.4236548923016696
1.3902055928797914
1.3100407280012096
1.4667963606855154
1.4962063815638864
1.294680685463676
1.468978449667597
1.4461775775109453
1.255591849012364
1.447858542216936
1.4432015743468392
1.4560786709233262
1.4018882818847809
1.3814410480349342
1.4450158742876602
1.3666315302344714
1.4565128373121494
1.430169560683683
1.343969024946209
1.293508423267662
1.4138068413445501
1.3133317157522777
1.3844346205443563
1.38459227434101
1.3046484246650358
1.395944906004115
1.2897461289160967
1.4711692636599103
1.2876061577072175
1.3615408884401816
1.4557281110660723
1.3781613286754346
1.4548452253479998
1.284188558801866
1.399642577906847
1.456442089821055
1.4629323403910868
1.4805488843119614
1.362220375189927
1.312027715174721
1.2595382553832983
1.2626333344341336
1.4044920249653259
1.2849969408268507
1.381520110219472
1.2437809717826351
1.3680362961935795
1.3874753875199535
1.2313917419820988
1.4233167082294267
1.4074073302790508
1.4726939161266808
1.4536988106546087
1.4595519822428424
1.4062691044945093
1.4990328625254379
1.4677488448945872
1.424658358918789
1.3878384499822245
1.3167846106893526
1.4867169965313205
1.2736887768803322
1.4399579510080351
1.3921553423868493
1.405594626996724
1.4104503397704151
1.4334262655906087
1.3435056117976658
1.4403762099819217
1.4967156211970354
1.3530618023320664
1.4344259810882893
1.410014691478942
1.3738837266025161
1.280208129722012
1.4806563521811948
1.462673888711225
1.3090239221079107
1.4610954579245403
1.4133255306387662
1.428494329826479
1.398294235417049
1.3417944014184509
1.3451214290811349
1.4097863477032542
1.4638666743447808
1.3364522061676471
1.494739512477977
1.410828850420731
1.4544407741695358
1.4052165485403132
1.449160390923936
1.349217055827324
1.368054725059198
1.284506159949885
1.3098215445921948
1.4312988412826733
1.3383216999469871
1.3987077760903452
1.4636157180689735
1.3042148631620676
1.3839305778491173
1.3132724703348961
1.386247696782348
1.4360137927124013
1.477988236208639
1.3341950858598026
1.3086825160243463
1.4598850538490025
1.4687215012276396
1.326985767369053
1.3229358993448483
1.3139678018874756
1.4727938489218746
1.3685051178093117
1.4078839556467668
1.4884622585577434
1.3977357458865634
1.4634684051071196
1.4420803223487568
1.4758146817158908
1.488260965413632
1.438566494219057
1.4060181974826116
1.3874959362808843
1.3919290628690224
1.4872069637996181
1.3294356921487602
1.3903644371518633
1.4807954522668487
1.459065557359535
1.4851798512961354
1.4891157541696882
1.2763104429093866
1.3316507331516856
1.4001310035858319
1.39890950559502
1.2976640189492168
1.2932844509562806
1.4958854886767758
1.3793480156577012
1.33290631299335
1.3634641633471685
1.3333900943855213
1.4821407095610344
1.319956631423793
1.4422238619593597
1.3536090064840984
1.3827535758419383
1.4337667368355154
1.4873700917316024
1.401020957152585
1.3765844855543738
1.3727130870946607
1.3338799638634669
1.296381056782671
1.424867908121532
1.4938293458857321
1.4247423957709542
1.2499304899071346
1.3338200330783543
1.3353976555071456
1.4352433096689863
1.4083246958703834
1.477766296993587
1.3412428101018952
1.4912951322906012
1.353964068513676
1.4828483683737819
1.313160250340297
1.313832635817284
1.3296323992443329
1.4858002195389683
1.362498803921398
1.408109176035547
1.4709498444508755
1.3684309354784001
1.28299089776032
1.393370721886684
1.3729484276142228
1.3748350030862733
1.4888273443020088
1.3573660714285714
1.356496820674778
1.414784614221259
1.4689092586187018
1.3317966945727486
1.3114267781435778
1.4893238819100916
1.4060426345732195
1.2818446343160916
1.3393874557163905
1.3512951541850218
1.356266208074461
1.3616469781453329
1.4716983368229763
1.4694643836869057
1.499763051435176
1.2629691828679301
1.4024648409878568
1.367084757545913
1.496685930094036
1.3708484471514175
1.3405146789364388
1.4710337094649915
1.3897835778618877
1.3078396218727082
1.222597865894155
1.2898885388735326
1.309773828756058
1.3543490261020426
1.332365907421014
1.4729826714651244
1.4153190427856244
1.3720606407937388
1.3847111438978281
1.4307662965160635
1.3888937576683276
1.2628768047105572
1.2544028590951108
1.4314747056951955
1.402476798279449
1.466537566857613
1.4113031071655044
1.3547297569951655
1.4732049845318518
1.301386702616773
1.4686591152609827
1.4276118291184028
1.4389039206556975
1.4526990442111214
1.3348424769337475
1.4385443601833943
1.3025815628346507
1.3093814193890396
1.368833661128398
1.3487804490237232
1.4969292489041877
1.4120701126300952
1.3429777333671382
1.3929372242358973
1.4140802240759485
1.4968361730876973
1.4204412691580455
1.3663480379177042
1.3923300918820745
1.2951844196111362
1.4577090603762695
1.3226929004912822
1.388096592929796
1.4680125421697623
1.42925120686891
1.3290575035618173
1.4999767174743115
1.422813356591079
1.4259221185081625
1.485373246691497
1.2772179378187998
1.3897729224381903
1.4439302242791026
1.3361013074168087
1.3225444074089703
1.4301463523371023
1.2878753251502133
1.371201438223874
1.3117036310107946
1.3093148631660383
1.3481876911528663
1.456042129101252
1.3074719175988274
1.3162147920134177
1.4503431657307597
1.4367088858417814
1.4267465739498195
1.346986926587762
1.3295022194039314
1.4534931789995866
1.4179607872744482
1.395786513944842
1.3751525763840515
1.4508491064131397
1.3782729870251533
1.3432401109548955
1.4506327176242475
1.3636853111929583
1.4392836743938706
1.3964133500950513
1.415647144737554
1.3173435059473746
1.404798450937688
1.3124779782096545
1.4221835183667384
1.4258142494725423
1.3766190223310322
1.408350341471073
1.3466619436572762
1.4636971385642419
1.3212836290784202
1.447082425342075
1.470577559467129
1.499845245955761
1.4655801825293353
1.4166146150909913
1.4461220104262011
1.477425961046172
1.4620871212434545
1.3963021794252002
1.361728966937705
1.321804454754387
1.3374803582965757
1.3975377800937991
1.4831421082564724
1.3035506978707687
1.3586213397008922
1.3775118875836492
1.3169390066332314
1.496847446684018
1.4473278650941233
1.271350529524434
1.330604254324451
1.3864685147688975
1.35383598440513
1.2700523732937439
1.499381216222353
1.342405824853311
1.3501452041997524
1.3699757757170847
1.4284881024329226
1.263523790392011
1.3806877024436466
1.381436863831455
1.4549650413563042
1.3389274344312945
1.235160987274746
1.4765200081221808
1.395992462311558
1.2145450730472143
1.3100580512402455
1.3250437491997098
1.4966802638430827
1.4147830208150196
1.2820264956311094
1.4623192356249284
1.3867532932354454
1.4198670366216541
1.4440074370709386
1.451212279026705
1.401398965981666
1.4218557139816983
1.4426688176391462
1.3984898817505789
1.4733565115098581
1.3397153192438245
1.3548812327224327
1.4324942212952083
1.3426230839325506
1.3324037128816835
1.3060249816311533
1.4654763276120266
1.4470058155812786
1.447358554234937
1.2865668428732033
1.4948761234485715
1.4960278763219397
1.3628637321337054
1.4550317101618313
1.3473859177316239
1.3670643591211842
1.4088106212186176
1.350131073483587
1.3603219970360105
1.4194872783346184
1.4971457216515938
1.4407715415278586
1.367531188443861
1.3620009478589796
1.4007269917990575
1.3439975529027908
1.2652616337207907
1.4310644304119595
1.4058191658486157
1.3170399572783817
1.3252741244722535
1.418671451672388
1.2906803021694757
1.482236688690245
1.4775123639153216
1.3551805614332066
1.2557456539529332
1.4005628932206702
1.2873685415678513
1.2779436464907188
1.3536881027196879
1.4659544319855953
1.2781717603558842
1.3068454376421306
1.3800373092396558
1.2733249440161707
1.4955639450784972
1.4879646897923662
1.3147559567690874
1.3960798056821064
1.4987986029114269
1.3468125358709286
1.3891654870853365
1.2882821519279612
1.2815126922518107
1.4808216157318526
1.4939141144211558
1.2669567903477852
1.4420547118344174
1.3929814555530533
1.4627334936193823
1.2608963700888618
1.3019968656972754
1.4994118423985274
1.3279077640093846
1.282872992556392
1.311090756830315
1.4043507327589444
1.4996695452943252
1.4723678053345812
1.3068851904695142
1.4510500233065922
1.45183213215645
1.3053115461922131
1.3289666089326786
1.449290589382376
1.3824402013298858
1.3172548783425682
1.443482035949108
1.3374898503653867
1.2738657911206182
1.326534906619235
1.3670404443817101
1.4155977414902052
1.3088830067672481
1.4998420848045093
1.2651235975213224
1.4044114969318453
1.2873696295143215
1.449244748527235
1.397019045760018
1.2876357592857421
1.330271163524375
1.3273282657437717
1.399615518038853
1.3779255969358648
1.4762063610114622
1.494806064114625
1.4319455761287967
1.4885263420082118
1.4060677019143868
1.2672429645884797
1.333931563465763
1.481728457547767
1.2155095494040917
1.25957968514756
1.3046271438979724
1.3786912903664115
1.2268324908088237
1.388589558661317
1.442090863870005
1.2914319954604354
1.4091280209013717
1.4285802829517193
1.404676310206871
1.489213651974814
1.3850361319240527
1.479595330086845
1.428671731614666
1.4846386501114297
1.4145599152535249
1.2712637207993243
1.445598641492782
1.3713985076732558
1.3746157404012656
1.3839301455918789
1.3754520978964269
1.4539130967702396
1.3507083198063927
1.2807839063388735
1.4814322266158315
1.395751782636829
1.4436321429357273
1.4930186773048728
1.4226345772787319
1.3204098493877994
1.36234481552719
1.279919703128882
1.2309596667274063
1.4163568263411006
1.4104622881501598
1.422102229290968
1.493431882130665
1.4651021094209598
1.4986944070080863
1.3089492597909675
1.4578938839761104
1.4326209010376758
1.4631471649621497
1.3699840124367344
1.281040786129929
1.4865747738084458
1.3872981495047298
1.3472843436274553
1.3690655190584928
1.2593114180120597
1.2513989244242816
1.3844156096801803
1.4353495070344524
1.3374008579837382
1.329172578197176
1.4432931171498458
1.4224450350326165
1.3729183822856623
1.4046657651609
1.321035633711407
1.3856576715903801
1.2787724483027867
1.3545582141424943
1.3314611960518679
1.4237742083660554
1.2972343127140422
1.3423566264440268
1.37242027979691
1.3440382301831306
1.3921920940869
1.4116162026798496
1.3741939453605712
1.4523039232423944
1.3041535915314089
1.4431124916300868
1.4362270728181983
1.24163517319404
1.3188762660093245
1.4720262946833471
1.454834764376997
1.433660446502639
1.482666265867697
1.3507105355028168
1.4443955143186018
1.4435152688327666
1.3750984838623486
1.4278272497501912
1.477297444263186
1.3652425740999874
1.3259929585212895
1.4582223610731437
1.3476006832314713
1.4147809462580259
1.494696679013022
1.4446970261608407
1.424904583225973
1.480735113592413
1.3746696554978763
1.2578215259485188
1.3722144213017136
1.4580722788631315
1.4551044513409606
1.2734876782216553
1.3912500998163386
1.3527172526934714
1.4330624199868098
1.4552358997031518
1.481885922796236
1.334508494995421
1.4983712458868457
1.4507083152216511
1.40387462278654
1.454731560798396
1.2657796683630667
1.4985767197969122
1.4021167564754153
1.3440343238705141
1.4503444816752469
1.2523211888915025
1.386626514766708
1.3374137072094512
1.4149299067008239
1.3840310748224136
1.399598757442402
1.3392835376176613
1.4405475880052152
1.3816208340475549
1.3905278198016475
1.4693787653617862
1.4962717900656044
1.292406355557687
1.3084664314235306
1.4433410420350972
1.429158603172409
1.2693812352875238
1.4458211237100267
1.466261620640655
1.3386856700953775
1.4116704650585556
1.24931316268383
1.3114369623391742
1.290954644353471
1.4719520638933394
1.4149882728054284
1.4015324697316063
1.4296849667007556
1.3972687364864231
1.4138262480940256
1.493711061665607
1.395835975323193
1.3657817827569412
1.4103695679630042
1.4092041052472706
1.476900960129058
1.327463364133442
1.3143784328649892
1.461477940359009
1.4849466805500704
1.4078160484481452
1.386597383394475
1.321073329973928
1.4005850835979412
1.417428926448793
1.3466973040024284
1.4546180285419015
1.3457791968380846
1.4119652103254094
1.4060845040355359
1.478147548000489
1.449776576463971
1.4405178791615292
1.306628737241086
1.3791481880489886
1.3421234297142663
1.2750033899618387
1.3770622523252618
1.2984437713272101
1.3770525520483547
1.291567068843151
1.3487619736707306
1.443630129984509
1.39853147063694
1.341594251836907
1.390017853585841
1.327627967727002
1.399198226837809
1.3696250148167257
1.4345418384275086
1.4031485625507778
1.490674868112865
1.4563718262245557
1.3394008705430565
1.3439436459786522
1.3225161941616892
1.4359324666359872
1.2848939396225278
1.4802284443545946
1.4201740690296647
1.3761995278535732
1.3515857196248375
1.3329391595965663
1.452469753827106
1.4775409241769852
1.4557350202299146
1.2968442636081121
1.4512004341996043
1.3001669123000157
1.4963303368414993
1.3824069643601342
1.4722802163249908
1.348775088547816
1.4677640876609803
1.3347940888530005
1.4873875053031604
1.4367521876302156
1.3157853371229862
1.475684703704775
1.3257862461673238
1.4280373180805035
1.432826968424685
1.3370018875444627
1.3619084598410882
1.3564755093523542
1.2814954825937703
1.4139947769218952
1.4071156718215543
1.4159981793283745
1.4040932194624627
1.4171706065603815
1.3540213234441998
1.4520859229334993
1.3429382543593928
1.3253407209272703
1.3221583404552872
1.4886016156268542
1.3350926324859973
1.3916666666666666
1.362972481333418
1.4895344895768603
1.3652347659012367
1.4269091539261372
1.445895758015882
1.2280504451530543
1.4010160064814206
1.2741371531694112
1.301671656058967
1.4992591562532969
1.3220748918734353
1.2716295955377261
1.418975033676568
1.3902896934665363
1.4066405165231881
1.3411654303333633
1.438607659802592
1.3666751504126435
1.2982490085820155
1.486908114956896
1.3244105308337717
1.2810099602410132
1.3617211175876374
1.4125395381938954
1.4044882886140022
1.3208612208692847
1.388605251143207
1.4382641996954737
1.4652310363779741
1.4066856174492979
1.3977190786801819
1.3835201701988384
1.2850727805038964
1.42322825161798
1.4484538922683592
1.4597475470585757
1.474803309270825
1.4393504988625425
1.4003042262785723
1.3826432354357248
1.428959339845541
1.2974847961558675
1.3703501378025298
1.22826449317268
1.3342983662765875
1.4009527474577856
1.3034823495715682
1.4068091295279683
1.4653093015032637
1.3762616036979027
1.3289272363731197
1.392127831647052
1.3790364105884834
1.2731539424280351
1.4676762152184315
1.2518194467869792
1.46143112341897
1.3063384191707197
1.459761368371246
1.435219347369808
1.4061101109966594
1.3877222574704815
1.2784616601207266
1.4373580902935457
1.3046191042564392
1.3210050964757212
1.31673890316679
1.473573888619531
1.4075237312690554
1.327813501117795
1.337175164785211
1.3293991164167882
1.485755424733811
1.3330671139596768
1.4057258072759613
1.2889835171133173
1.38676111154913
1.4611947364984
1.2990984315178464
1.4205208034916839
1.3632266869958685
1.3706569399215365
1.4170542799257135
1.4735947885759748
1.400221964786304
1.3745793898031013
1.4379473253853687
1.4866131023296536
1.3768166624277876
1.4602313897053802
1.3493304092202885
1.3137325608890984
1.3129137073668726
1.3825426858458525
1.4670385437898887
1.3822564761990026
1.3829996894484127
1.4631951052635719
1.2973123801975073
1.4263166541494556
1.2455401359305092
1.3626717884941952
1.4793322132400535
1.3800557471456794
1.3695836399723464
1.4013002261639647
1.4411859210949103
1.4981157378329286
1.311650578586863
1.4235153215533345
1.463805093394726
1.4750683753053557
1.3981616890561157
1.3800595464215168
1.4072676033159857
1.4458303314121035
1.4244332071309325
1.372590724412456
1.3915792089002177
1.4607029800240148
1.4007411731857753
1.3344363654198672
1.413316967792616
1.404051921302179
1.3239950867910264
1.4968624067079892
1.4356416409553197
1.3376369751546056
1.4633481445427496
1.4664808834253573
1.292957264957265
1.4012373047142819
1.3679091761481454
1.3075217573122717
1.3477105575326216
1.417157544766276
1.3428753388953645
1.357351407716371
1.3830047061381707
1.476357760867299
1.3279301102979078
1.479032733241443
1.3487872517193102
1.3080230548517544
1.4823769738762012
1.3020994347675625
1.3607126113455228
1.4767829503512326
1.3687821991070115
1.4069358450796998
1.4223333137618372
1.4826917122510064
1.3904237425343597
1.47390731046717
1.370957656792894
1.439481393078008
1.415323234742038
1.487859758174387
1.2880514651307782
1.4765556727437095
1.290117280678505
1.3940559850081988
1.3650614243516317
1.4132819636634302
1.41688385916781
1.3907340125845773
1.42307519716398
1.2993138872598229
1.4023242893869194
1.3150269769961846
1.3939797952863746
1.4478829375787012
1.3335011444509763
1.4978612167300382
1.3380553848493102
1.3858723716514318
1.3611950668069275
1.2726311398630057
1.3500397373753283
1.360107514133922
1.3981166576857504
1.352822350388305
1.2551428205456643
1.4137039508173284
1.4107308473383757
1.3594477972832177
1.4991905763096676
1.36506409676076
1.3866548441473663
1.3279740001316818
1.3579876794984156
1.4132447163425592
1.2883104773927014
1.3130261388546058
1.492438663282572
1.4142952870225598
1.3646435166563062
1.4592725567641198
1.4304857914748852
1.465199123127512
1.2838892905809394
1.3798829226477376
1.4380537029663547
1.3068135229745497
1.4346229650775393
1.3236256322346314
1.4684125745639427
1.4426311130781146
1.4373818769748696
1.4464373754046
1.2579347679093196
1.283883400169287
1.3461730216975114
1.3929951313203501
1.3292764462992077
1.353926313186619
1.3677636334931487
1.3627911851009045
1.4314646101387893
1.3497284437014891
1.4702275647979706
1.4831093645402031
1.3922499457582989
1.4240004281967564
1.3104084131124105
1.328689969920133
1.4131089139090511
1.4931908284277549
1.294052058703909
1.325926149269332
1.3572547790661238
1.3258062197517846
1.3838059409385466
1.3685511247741708
1.3748491168900325
1.4938985866301313
1.4664459749578547
1.4843696208908854
1.310709562983966
1.3091628527841344
1.4065380675998633
1.405500257221694
1.3143674111247643
1.3838215003889682
1.4685329195797658
1.479940244480515
1.4037739171264232
1.376712328767123
1.398389679910489
1.3871960463283002
1.3307982434394587
1.3873340799570955
1.388485254691689
1.332688302672683
1.368139350621482
1.397461475444569
1.377236150352277
1.3662921148229932
1.4721919729586104
1.4362683792462398
1.4541416872207642
1.4752597024497682
1.3454278198978804
1.2823243265339492
1.4120241996470884
1.4051298034292337
1.3635193133047212
1.2995930864042062
1.4638104027311332
1.3998938387134825
1.384014563362676
1.1949638256804846
1.351970065852192
1.3513367553548092
1.4243359770053765
1.497977947530331
1.4713484831951116
1.360389256488618
1.377774598373053
1.2882133432294245
1.4176404749418845
1.455553396478797
1.4541451463382333
1.3530426932880204
1.3657687773229545
1.4734063590872355
1.2449580896552668
1.4015462576755509
1.3042503609513916
1.3170230206510807
1.3877076115298068
1.3744157359000395
1.2749009665044106
1.242176353533078
1.3099184925044556
1.2750308365515926
1.3306318027152195
1.3807062700318868
1.3153955135773319
1.3327633768780063
1.4732590590782237
1.4253987655927576
1.2845499305933692
1.407948216782931
1.371706833320859
1.458313925365915
1.2750163238654915
1.4094496059094546
1.4374909816747632
1.4630026348951772
1.4530633141216456
1.3112843992365124
1.2781130409184576
1.431053767272439
1.4414974143030705
1.3743676841269292
1.494404691832552
1.3809211747670145
1.3820514932573957
1.3169336384439356
1.4876825002363552
1.5
1.4626457046374592
1.4928628842262814
1.4972566982284923
1.3606032648983142
1.4629197680705912
1.3593173274094328
1.4072835021984325
1.4480228207367225
1.459370342391637
1.2637168066321525
1.3883484620721553
1.3883593696235637
1.3771136133861412
1.4665808510430025
1.3964325877795827
1.4780549714135507
1.4762502505247836
1.3369741671372106
1.2676621189731607
1.373538599982441
1.3540572041737586
1.4955311490985805
1.3638094053247076
1.4315131048773935
1.4616714343377617
1.3548096640201905
1.4218490450039312
1.2309549486867284
1.4227094909979998
1.3681372841866302
1.3334335516136369
1.2766584230433518
1.3124207115951365
1.2668976990090242
1.3005055439552462
1.3447606442727513
1.397228529948256
1.323019320207339
1.2830193206399363
1.3810120432147885
1.4898712095764501
1.2857481649925657
1.2303938456238352
1.4686029092754642
1.3297691901198372
1.3619405946487564
1.4897670877073643
1.345205577404362
1.4234318717330656
1.26053373720493
1.2871834257455415
1.4161006584811402
1.3595912115770572
1.3165743317501428
1.4887484491997438
1.3207863002670326
1.290991280575719
1.2935287958115183
1.4907858711676747
1.3336031677915188
1.4624152378852198
1.2630098567550163
1.390967221372337
1.3821657544433208
1.321719715457708
1.4564933774548345
1.3621745265841225
1.465982787662218
1.3723079709135482
1.3647537313432836
1.480154655568782
1.3520084607175489
1.4914333611153205
1.4752273540080727
1.4757937038026536
1.4830817737250432
1.2822279059372752
1.4510962679710973
1.3494387739487055
1.3696777766101063
1.3989746641957603
1.3376998755266183
1.4474154364923506
1.40745044531742
1.4205591238534563
1.4782797756229074
1.3351419125584747
1.303557006849209
1.4521884672445347
1.4847069613377737
1.4097502631327148
1.2174747085798299
1.409717635402906
1.30100068308416
1.3904021074606094
1.37424847500768
1.3121279786591633
1.3894001054794196
1.4553472793512754
1.4972960151802654
1.3615116081058072
1.3858286078994528
1.2958841381222703
1.4202032920790464
1.2816020805450785
1.4308775403085185
1.4000819988423692
1.4281951660266547
1.4372767524199055
1.4566139011480226
1.3994391237631625
1.415374562530457
1.3667450161687091
1.4077755263248273
1.4703278410416267
1.4004645042645616
1.4543750679077179
1.4576534798633343
1.3138455020997566
1.3629493918581899
1.4045962628517001
1.4392380667417628
1.2792816971367225
1.4285525286028398
1.3341152466600823
1.364012727419601
1.4348551067678836
1.4971738030382966
1.434486983942006
1.4122750380600262
1.4678654530217798
1.4054378141788773
1.4464801230477993
1.394769408641288
1.3948922630344982
1.4514875743787192
1.3011311316293774
1.2742516987298949
1.3306842956607356
1.447550804403048
1.3238884751850712
1.4873365255614577
1.399400791954644
1.4087055590925845
1.3945384367717406
1.4945155525502323
1.3334743025866578
1.4809910600685872
1.2730864339939585
1.3174447031431897
1.2430901593068069
1.499044862053466
1.414905004013915
1.3406485216120938
1.4849825518871032
1.3054030115146147
1.315153932466075
1.3835853476733042
1.3930231318622748
1.3551000668704625
1.452996397486129
1.396014498847829
1.2854015650617674
1.499573154022892
1.4588252569750364
1.3053597693868568
1.1658284023668641
1.3545882352941179
1.3858637956935402
1.4882792268718332
1.3475520891721786
1.3978737798806897
1.3464784183773764
1.2703659976387247
1.292844200767113
1.3251509003842405
1.2898032421729984
1.2818916337457116
1.3943653207964604
1.387817477244301
1.4800338818973864
1.4335659324079661
1.456991978141311
1.4150651330664399
1.4027669386307202
1.4179408845008425
1.3630798756863896
1.37878551079278
1.3186587541012487
1.3355677905871277
1.486332817635442
1.3163186426083213
1.425434055431666
1.3146598263513989
1.2132552322028722
1.2468358920514204
1.4081600092826272
1.469134490180968
1.3690395249750702
1.3858889387658104
1.342271827182718
1.3498059475593358
1.428525848243898
1.4605425181747143
1.3476641581316682
1.4776092992867644
1.2588628687377195
1.378435798698712
1.4638953542023398
1.4716589023777773
1.4454557231351428
1.3111799208961517
1.2808520757264275
1.4852328752138888
1.4973341434701706
1.320001072923
1.3987568915132713
1.4541593763150318
1.4019992533276446
1.1982109034615
1.2832821816264046
1.3694257561784746
1.3548394836604447
1.3769313344098648
1.4465623877738316
1.3570512647007076
1.4512107932609408
1.299374975761728
1.287363786112519
1.4391523810285658
1.4559932582985775
1.3457505222568098
1.306854436202071
1.3417290120925627
1.46240898571993
1.2830252991970912
1.451579404379151
1.4299586029500422
1.392325246788886
1.3330041789441256
1.3993634428350799
1.467687088917974
1.4376426023968276
1.478624589248279
1.4204541949413942
1.3272026784285131
1.3122146262707803
1.3813292216882969
1.3075588789259325
1.4179451586163336
1.418455748546666
1.3691133835635783
1.3470758730974615
1.3486013069447826
1.3844323714773517
1.3642854230792751
1.358517054908486
1.4899506982976312
1.4992371859058764
1.4774170310735284
1.3981694091605874
1.3745667512150739
1.4438350929154924
1.3566228901045103
1.4367403562158776
1.3599388707169286
1.49679259825119
1.3409373356914105
1.365144870154921
1.3237457385982339
1.472792697577518
1.3663561826607178
1.3862070418677173
1.3328483241838702
1.3515540864916764
1.4614467865142728
1.3896292399711654
1.3597369808785607
1.3362498344151543
1.2725677420265111
1.3789656136055148
1.2640706873523067
1.3673130033090888
1.2873705709443353
1.323575473064114
1.287334574649128
1.3142149693474687
1.3339377373024042
1.2861348374455455
1.3741423554835224
1.312679939423861
1.3730202601943744
1.3844242948743166
1.4043901302181958
1.4507581508644303
1.2784127678181023
1.469402560455192
1.3321956769055745
1.368095324392896
1.3586920281398993
1.31612097548207
1.488779585556683
1.4121762631216481
1.3851991186742614
1.2887868299918523
1.3418885375106056
1.4386096577751097
1.4956450960671068
1.4560509848648315
1.4957168991317646
1.2859492739673282
1.3626643769554685
1.3484016115671358
1.3731597687544632
1.247007355415605
1.4075211085029604
1.3176125787806552
1.431324584966313
1.4311796910475765
1.3950949097891163
1.4375358059596
1.2990264228445039
1.3864196383848504
1.3785205956294722
1.425552502637041
1.4087822352002448
1.4432227953259087
1.4834981490814925
1.3833860784720118
1.3892094866989362
1.4641008815372425
1.3201239841633672
1.4821820777509338
1.3581594418244072
1.3285144603738446
1.4050489986016508
1.325117770334414
1.4436122454050744
1.3992623914444993
1.3434712984232275
1.4447170665779812
1.3427561979162492
1.3973077615703222
1.3306143580303726
1.3369386035607007
1.3768291519603169
1.4778147139969153
1.2399508154698968
1.3009499167956093
1.2770494718617045
1.4954110990859701
1.4919374442913864
1.4270789478797616
1.3913667695515821
1.4313472424965288
1.262900820661601
1.304395471890826
1.4203122142987747
1.3923729203051751
1.3879403720125618
1.3154005716781134
1.4790009420138162
1.4282466324548087
1.4323339309303644
1.2921396921472945
1.3711501908796573
1.3012585002966548
1.4085889873560624
1.4779520877396466
1.4443505982167806
1.406348343861079
1.3567316268886669
1.4102032718227104
1.3438336077382182
1.4349328820559886
1.3242939196009351
1.245393389880082
1.3488395383190206
1.3952783830657711
1.368286607623721
1.3530439889825017
1.2897191817194673
1.464865725989987
1.4774731475716063
1.3059997359510422
1.470512966582239
1.3758755120919783
1.2575341705319252
1.4137447570573545
1.4178130140392486
1.375666649407135
1.336938648568754
1.416200629150647
1.267283760671528
1.454971376808904
1.342376624960792
1.4378592126264738
1.4822067667785852
1.3719473132473985
1.273606861181744
1.1940287263961429
1.435478914289113
1.2684649903553908
1.348756582299983
1.2406851943249197
1.2447209286359942
1.4886017205974147
1.2560495109714689
1.3959637059038938
1.425282151316706
1.4140169486999172
1.473897983588306
1.4273022486367257
1.4355772890017628
1.3826194737130442
1.3270641560113035
1.3676647289516868
1.4826085243835188
1.4462468880642585
1.372097370410821
1.4791496911552113
1.4791898609636744
1.4819532406969782
1.4342869467767183
1.410499714841983
1.4233399498146135
1.4329586459333872
1.3772194099202901
1.3886136494960089
1.386229008744
1.491466893984204
1.4730388386459505
1.4645269886040533
1.37704336665766
1.3408689248895433
1.2704871120169188
1.4650445023520253
1.4953015006228456
1.315481854016583
1.339800005328455
1.3203997180600713
1.4232604269195224
1.2929970765784573
1.3042379244181195
1.37045631608236
1.443949551479056
1.3328578069879584
1.315112760564837
1.4332577970616034
1.4114559461269964
1.3303439235597028
1.4977669595571563
1.3409040014826026
1.387673488988691
1.453587192261587
1.3949187509760568
1.4587202394050083
1.388719500560953
1.3798183500850136
1.3440160570918822
1.4823483365949122
1.4452330915189848
1.4377536428708377
1.2926967415206236
1.4168041341233502
1.3995824935214511
1.3014326830245733
1.446107289930925
1.2966526717557252
1.390039020955427
1.3717643671193016
1.413710674269309
1.4545840021180483
1.3979479544277575
1.2972420761142087
1.4687953788760078
1.4978123573276516
1.319087002875327
1.4799792625395538
1.4198148825231296
1.3695038605445855
1.4532114707362067
1.4277039371683544
1.4147804802836985
1.3944627503259424
1.2520278948798984
1.458823958530013
1.3729215444361884
1.4694303515450942
1.4145257799934678
1.4768839265567413
1.3165944391179292
1.3015113046904068
1.4629652545382157
1.2634705652258948
1.3686220725334624
1.4239898806497688
1.2312626326663036
1.4505875060637095
1.4363463427890546
1.4364291887006364
1.4110922946655375
1.3753402641028611
1.4779692259841006
1.4358666709185708
1.499441202036508
1.4157707770836208
1.327044092927029
1.3737018025546137
1.395486388369815
1.4218021520641426
1.2611786433191972
1.3596189179118863
1.3077282050100247
1.3564817006770513
1.3218352928771022
1.4083417981301438
1.2797298994974875
1.4836196345834427
1.3007913107117222
1.322274965113909
1.4623259007389002
1.4036117550287894
1.4493481110526771
1.4852966907115643
1.4356888836782151
1.471577143645731
1.4978260869565219
1.474065677383897
1.3704765465134583
1.361728175703786
1.330882131510397
1.3978452386358478
1.3168234308064817
1.4877500819940963
1.4368542012079584
1.356638581260625
1.2740194232741722
1.356352639209069
1.3400551823416507
1.3899143458224805
1.2560645778720927
1.4764255419415644
1.3842746681820028
1.3145220952758672
1.3827594113478137
1.328542077512728
1.2789317448928903
1.4568508927941832
1.2921793211375532
1.300148748930088
1.406191288440621
1.3884460498270381
1.4098912121949785
1.4036233575937143
1.3177876823338734
1.3027283994911771
1.408697333404099
1.417211555907988
1.3629025932259229
1.371156950980729
1.3494222073354547
1.3961280848884479
1.3158084563311507
1.4995754659766303
1.3597342256214149
1.4262551542653488
1.3418726412175956
1.4831722614492528
1.4562319179202432
1.3588777112509733
1.3466232201372457
1.3562942902079982
1.4746224054855452
1.3855716669153455
1.4791566216650596
1.4671691245099872
1.422961662955206
1.3114048303356203
1.3298988873189688
1.4090853359489945
1.3083356343323211
