1.311596418001375
1.8458889100905298
1.5450339885942888
1.3900131077695037
1.3105227588497654
1.4288448484897345
1.4568419595907676
1.3760746571941866
1.3633109514000097
1.5767803283680693
1.525796305075144
1.704005289427156
1.7377928433734608
1.7102010822341476
1.4014827080226697
1.3201151016872221
1.5423454439217497
1.6555472234949584
1.608920852905699
1.794218254264559
1.33458686351599
1.6566965812346015
1.3833087437522855
1.4816855645572338
1.6739511969356495
1.7001968772957579
1.3572777050701743
1.7241121649427864
1.712638112367475
1.789579188880789
1.409193555922904
1.5783760878197957
1.484994135095319
1.382350897850809
1.3593532277378977
1.5409289779352633
1.3648792860335583
1.353802637492517
1.445460723722788
1.3634396906508455
1.5966085843086284
1.358725121403733
1.4586483853257963
1.4338063208825549
1.3864690149009353
1.3784780606987155
1.4136721132268648
1.3453709056563052
1.3806309837528898
1.4314886951084411
1.6674888677105213
1.439838267624128
1.3425735949169801
1.5098884186548678
1.3358991054616456
1.4394495435192565
1.4724380237332781
1.4746844622410233
1.4042453899407703
1.3987672562438311
1.5020356108741115
1.538520742463729
1.3573317266349754
1.4232472003921084
1.4157745072899117
1.326810363309301
1.419960747133729
1.5058093268498938
1.521832280055047
1.4686942707091655
1.5954880774744844
1.5681876209050505
1.5251835481015075
1.5398765221871322
1.550291452931186
1.780408510511806
1.6532267106948046
1.5078493549892036
1.5325077180090927
1.5502256593146606
1.665655215231902
1.6599991122700424
1.4862044829716818
1.4738587752544792
1.4242154173716894
1.482313872241469
1.5363185728487858
1.6748877211643056
1.6184944976237214
1.445155999884821
1.4340118004759423
1.4952255406401394
1.3215397715989854
1.4136541341963815
1.390091517790759
1.4477900807528092
1.3391292612783223
1.4142504377005218
1.5020171895875871
1.5277357490453507
1.3678243615354257
1.3540643794303648
1.3611580040141058
1.5400293192988208
1.3985796678926394
1.4538905500141759
1.4426799441356821
1.3889863503710587
1.376669692719947
1.5534747217020315
1.3972064891530194
1.4094171586609427
1.3949224778692453
1.4477675862613089
1.3874855698389557
1.5457282339485687
1.3955037681793123
1.4949078628794354
1.4370629840226532
1.3406391400199273
1.6711359207153076
1.3062982208775389
1.536356392445654
1.3619386603460208
1.3607423337068447
1.3798763769141116
1.317063719189243
1.3937496689847804
1.6804093388231482
1.397894490693399
1.7520617860178334
1.5203222746422327
1.4155775690140395
1.5009841090017366
1.4817789837427315
1.330615016763877
1.3969199848184624
1.4109331499660096
1.3736902550076033
1.391184624603534
1.4290212178707156
1.4011345497954015
1.4825403232498766
1.3965328980788239
1.6016349820520792
1.4796399715703208
1.3528052144140739
1.5369591051198366
1.458533800873619
1.3179702098838932
1.353974220277399
1.3424697865923054
1.66507552594482
1.3966253389908572
1.511609806413582
1.360796499606079
1.3512580754977892
1.512757691324501
1.435136535605809
1.4303036363282329
1.3553185937450218
1.4899943576805654
1.4070435897914293
1.3401939465354642
1.4293023985273259
1.2890516354212116
1.448086319048483
1.3391191357737446
1.4080808449628008
1.3968250660767458
1.3621232151851386
1.8371931527688872
1.4872296120521846
1.3670564646173597
1.4180886363373926
1.3335574281503402
1.4164997327107403
1.480943365399392
1.4563171316885597
1.4616993977251407
1.3316146975938388
1.377296815692667
1.8387102899712473
1.5653027628690934
1.3337219675762606
1.34000758831913
1.4347249770602748
1.2667581248164086
1.5262301188530665
1.4233487558249591
1.4720021988630358
1.6656726657073664
1.4170309152739997
1.5080264757416975
1.3862938437323578
1.8010154055152652
1.3392656875291056
1.4831680047101854
1.3837024080628624
1.9604531375442815
1.6037842098022437
1.5013666666536338
1.459988302597863
1.353936514491142
1.4580183794662864
1.3817437025707648
1.4888928309430636
1.5710047927300985
1.3971257295270287
1.3742781057148807
1.7802961515722655
1.4331061972519838
1.3517948333214658
1.3470473979799
1.3658305216538165
1.3857970652954037
1.3587705014494393
1.500176857848982
1.3626239330126264
1.6503874288319142
1.3084710165627234
1.3225273093123808
1.7132541056921888
1.4623031662835149
1.3084333833636104
1.3817546430960927
1.3713701364720463
1.4363409264372662
1.48164656418511
1.5053156236780705
1.4626698719433053
1.6198224712628628
1.4689638127712414
1.4589781103262245
1.4770367204182964
1.3327230460794846
1.4347728833785258
1.6488311694688702
1.5295189741761919
1.3592236393607553
1.5025883637456363
1.3727894822844429
1.3833259355816447
1.3901358817819804
1.324161398232638
1.308889436496439
1.3230204185122543
1.4567199499568708
1.3819371905826747
1.5678639990065792
1.3904358574524398
1.3228240305730747
1.4898613350224048
1.5311151900664361
1.6334237281845534
1.492712235349436
1.6298830694885482
1.3149957739861677
1.3365017758217077
1.4025753601551927
1.283600765575225
1.5279040303360532
1.3549832716723516
1.3994443323305428
1.4255011552730055
1.4198455115470456
1.3256507925124899
1.4903170724757637
1.3910708117693829
1.4195440645218758
1.5044885818985234
1.598282807414358
1.3879927759803279
1.3787679405929183
1.3792440091731935
1.4505896032741872
1.408605174053558
1.3560966170157065
1.5145947817424394
1.658707287823294
1.334019347166447
1.3220557787855196
1.5983172179163472
1.3531168793735033
1.4028298312201475
1.6425333354716467
1.4707223637926206
1.4917100352005828
1.3725813251966958
1.6610085795037963
1.5865334848547072
1.320720910961048
1.7429444583316733
1.500869125470795
1.665416366174959
1.4031882155457276
1.4224766726201212
1.7000557269115013
1.4777798401352316
1.4352181902121859
1.459954283731198
1.3327863642578488
1.514878807972833
1.5207145190697122
1.4127143786141498
1.4509393320743043
1.3361063763266656
1.3773312882821147
1.4211523812913232
1.3896110845800904
1.3362828793775432
1.391022381510579
1.3589888428195214
1.621795867545186
1.45038388504392
1.4710046239015875
1.7266922307025054
1.407205479845248
1.4100922943871164
1.338146028215599
1.592465229680284
1.2885093143870272
1.6111045845515977
1.521258001983072
1.5390941023560134
1.5790153119533055
1.4122097892992789
1.5057201286381243
1.5831508546043458
1.3761941918996548
1.4153842104443999
1.5694249463218672
1.5644777593318078
1.6022786492761887
1.4413203678316238
1.4192239664735824
1.3732803924236563
1.3653165129885145
1.5335662188546872
1.7690493675881103
1.6200709318386814
1.6005241107320836
1.3302933402949488
1.402788977865563
1.5665864147997428
1.6042036588729953
2.0749831015523337
1.6099362585410495
1.3857576913997982
1.850582991036577
1.3316635833555623
1.3475889994573111
1.3964707352248198
1.50843247993693
1.4259785218671772
1.3319732827135282
1.4585958803019188
1.4351642715948034
1.8504790170735599
1.4774134184169192
1.3655704696138642
1.3853710351512591
1.595086621792834
1.6615989675860718
1.5964502052464955
1.363293162205501
1.371248310646073
1.9310370654233926
1.7334722967970133
1.3800517540828725
1.3454931992499366
1.3835033070364284
1.4884164007438256
1.4836409999193547
1.351603825281935
1.417691828468922
1.4347907733096867
1.7118861086272448
1.3835662101223607
1.4972974970880322
1.5563415243372207
1.5680415489998272
1.5520080232844375
1.8151160449463666
1.3642195344196104
1.5750482581532002
1.4450693262792216
1.4008496466438147
1.4260205357462885
1.2789774034337023
1.3693244799056241
1.378057530124367
1.4231401210938288
1.4104238701173608
1.3566360145232463
1.6956275780032626
1.3411188034853065
1.4704804080015106
1.3318030383291337
1.6477122426350483
1.5319097211773318
1.3939806654413884
1.58788659068605
1.4187796311407546
1.3392050413865042
1.4162450645338676
1.417460162455906
1.7327256362190908
1.6348831880344554
1.3401939641937477
1.3238511768781827
1.4932938157844386
1.3906532142799168
1.6232807221772705
1.410041403746243
1.5070547532335925
1.4211665754249356
1.4429883334845068
1.5376019163215748
1.375788178646127
1.3925350446011786
1.3371961285169187
1.5254859353347932
1.4961613348929288
1.3127399822808568
1.5286869015903115
1.5372198740063203
1.4234189285033194
1.5175136234557658
1.4250424401366264
1.5926518910329721
1.330335781545787
1.4047372883098785
1.5769633837015162
1.3996995817551328
1.41047727386478
1.5782438977397726
1.5910438563347802
1.5460358527828464
1.3409414306452863
1.359749549387012
1.4301238895515227
1.4868803321261859
1.3225281088378258
1.574359537880126
1.6268289507804705
1.7164371137466465
1.3369238335045126
1.5168450766177595
1.5551237495054318
1.3531480507907518
1.6352011706191438
1.392836866630138
1.3458804250156593
1.4000884125175919
1.3114056611428806
1.3699706051488152
1.4629267809730024
1.431069352750147
1.459832085442745
1.3868066912366868
1.4248312131968337
1.3259172378516286
1.4543423828053645
1.4640719577086692
1.3748749422629452
1.3984346699764818
1.6117073775338187
1.5819273092446156
1.5537973332276738
1.3962286889623339
1.3765027809502572
1.401259075767034
1.383224583722735
1.3557251842898206
1.4242683823064954
1.403606183601297
1.3326519404427517
1.5277043267584143
1.353767332184511
1.3793340758927746
1.4158494647441011
1.5030835199781385
1.336973263538973
1.6029000869097143
1.4682591473821818
1.4149304864634904
1.4054147548902636
1.4040312887673057
1.602525982846808
1.377909225807061
1.3611671204329876
1.3765789603580243
1.4246721391529376
1.404655892498179
1.425208563530361
1.3801849371531192
1.521902606668337
1.5216901143101624
1.5029611449189404
1.4187176443971803
1.617642468248405
1.297767237874175
1.5037792650612964
1.428088870641952
1.4112323064059227
1.4015332866253192
1.4544733944027641
1.5961277475462379
1.4403556386588443
1.746239686605109
1.39895210132419
1.3561924176140312
1.686464588306966
1.3922906256240377
1.5159008135209975
1.393633723606426
1.5096715274600747
1.3303069930480702
1.5506947733046206
1.4855839120796732
1.4787878114994484
1.438001178081168
1.381076913735485
1.4790488309241878
1.3582863806738747
1.406828421654799
1.3693913789799332
1.4461136039561135
1.4792735093638212
1.4865085715024329
1.4850826507951753
1.5650528767299765
1.665879163678306
1.4047639581108928
1.3825783639132312
1.468414394796842
1.3525000254580053
1.4415202424316567
1.5226466424058478
1.5042323919485094
1.349074820160504
1.249886994150964
1.5226267517019703
1.335885163587323
1.586987337821927
1.3847644740966554
1.3927386042589793
1.3450095505864363
1.3790265465666598
1.4072804571042372
1.28730208309464
1.6971987287712682
1.395278545657148
1.6563745313706661
1.3687931687764157
1.3525337669218058
1.5160158417111615
1.5163420594999346
1.637192745257898
1.507913718035812
1.2999292205542246
1.5424364409847626
1.336858635890761
1.6436081794437212
1.6435202049667959
2.014876142088761
1.444178264102014
1.4053050948628
1.5873461118808425
1.3736570284643468
1.7208919270873198
1.5058377670674727
1.576488174174512
1.3225924690757218
1.3404538537314026
1.4146033629545778
1.3578530230345802
1.4243586930342709
1.6286949809198303
1.5228947116248672
1.4829564823326002
1.5609031864734337
1.3570154289607126
1.4078244316027209
1.566831489521403
1.437514507447044
1.577762531340834
1.476999207242203
1.484209537321789
1.6659772642456014
1.3782528867917043
1.4453117972253495
1.4533074243395
1.43516659934735
1.504609124030837
1.4933927770724484
1.4053637175302558
1.3771570437572551
1.339485238135802
1.4249058236182646
1.5941118156347787
1.373706012340012
1.57990218661037
1.354238095652094
1.5854170293662198
1.6349575803208414
1.5497888190061673
1.5035270294942655
1.5301727006151453
1.3716079594110238
1.6377488557047262
1.300538072391123
1.4639821621064197
1.3984596863372303
1.5048597351151236
1.2985128944978557
1.5755538261314244
1.45896953571402
1.4868189592617582
1.5194059909452025
1.3106109635637468
1.4072654026260256
1.319108896343123
1.5187632728753544
1.5642033638649584
1.3392286755860818
1.3190673373885557
1.3475571347079551
1.585032965297745
1.3271679810968287
1.3488064556738335
1.7212426958734655
1.5445691798385757
1.345040188595277
1.5175726988395948
1.3423412458860828
1.4509214125426257
1.6425597934480074
1.3588063330860536
1.492103241331452
1.497551429119778
1.475615061999378
1.3537523791403239
1.4716035846271835
1.6377345312441625
1.6154205943374929
1.3752056774228
1.566794615929478
1.479115995617359
1.4526398101623426
1.8446922873612457
1.3641714387837265
1.4018973585492602
1.5749601418568338
1.7204147730569213
1.5936944434904918
1.59435754501382
1.5826750336828836
1.6834277761965908
1.3607617178348315
1.3900756818341131
1.4946967365257153
1.4713637888765114
1.5535888834079241
1.4937720531906515
1.4224941625231131
1.5748162691038492
1.3219856151089735
1.5126753119497054
1.3602843835244554
1.4728149924071006
1.506751067570635
1.3992734720913302
1.3183622870296763
1.4562062318653124
1.472713714335455
1.4156477354084913
1.4054353537374125
1.4129588869190508
1.2982727687103706
1.527636286377544
1.5642499612056364
1.4144898432706232
1.5933228289808323
1.3881556804981507
1.325752910527335
1.5036750985655327
1.395039706469994
1.7778913661715554
1.3955627485428066
1.3473354591037654
1.7033792630252045
1.6779492943109162
1.5214936452758145
1.4739601096894597
1.3856947467883478
1.3974133742385486
1.6456579917013399
1.85346821771342
1.7393331819158908
1.8215271281112144
1.606638552392219
1.7512109262095326
1.6256318222894455
1.5320551586954705
1.7408648888577565
1.4755329371163877
1.5823248712605364
1.3876395282704823
1.3387719843267882
1.469473081971271
1.5009000562128993
1.4412981078852303
1.4933583626690445
1.4327002667202358
1.4187857489247948
1.4957882677162493
1.3126208873446192
1.3227380166282687
1.4065192182631712
1.3532140102942094
1.5068552934044728
1.578224459917959
1.6664807816545217
1.3992633102130496
1.3380169503844443
1.601933430144527
1.3631498699019093
1.3833910214061635
1.3494860829139266
1.5237975466104348
1.4264998927025836
1.5040636268235719
1.631804361043887
1.4380169657488449
1.5358292654521823
1.3248311573414895
1.569553647505951
1.3377409406251433
1.4305301985288479
1.4921175075638895
1.5367814070355972
1.3733189449586967
1.3327932736401966
1.5781573081839573
1.4381320080614364
1.4906423807108347
1.5811456311268166
1.3236453827581882
1.4107177345138233
1.3733066448993818
1.3515748428518606
1.5422466444144591
1.3925926402490878
1.397797733356054
1.459700098461938
1.382443134033528
1.5877898918855498
1.351170234708882
1.3757236862883957
1.3790597990438447
1.3723413895025087
1.4413676240499813
1.4279575409500407
1.374784171549098
1.6623855818443078
1.386398088995475
1.4530978096172933
1.5485174383192368
1.6076628782922264
1.6721669674281157
1.535856064517662
1.3757357174761131
1.4589766623318643
1.3075074266322986
1.9832845812563424
1.5267022984006409
1.7464694329620305
1.357985304883288
1.4954790440006658
1.4804185332559932
1.382249827741576
1.4266431409501688
1.4381271048777398
1.4912495423984717
1.4466160707805455
1.4312584437464684
1.4502712660116912
1.3529142024855585
1.4235935843067207
1.3383541050368957
1.3588440205805337
1.4945865352904208
1.5122647558452487
1.40688188118338
1.4776255923302855
1.4515722096887802
1.4588579481166282
1.4072629225409146
1.436399073800751
1.4631548990925276
1.5164804318993608
1.4175699246691602
1.438386262496218
1.4158405748696463
1.400046114172958
1.3749225046922515
1.3743765543447595
1.436088440866983
1.4035777907807554
1.5749014558284165
1.374102222489981
1.4000266333072207
1.5473468145772271
1.4424340469470913
1.431030383902367
1.3140593005402201
1.8053912786273005
1.7145634481269776
1.4598610300401644
1.3248385039231527
1.4355576732073192
1.4306008476263403
1.6450902045521363
1.3565467531715947
1.358114003947558
1.4667357382913344
1.4594507956127907
1.3532017300270864
1.513040223295462
1.6245009486590418
1.525456243237053
1.5618283782150177
1.370144616212363
1.6454572123205455
1.5170733459887824
1.412649807361173
1.4361328588357312
1.4273018677469242
1.4110827200678202
1.3521924284974978
1.4452859362051773
1.6898561698485868
1.4769317820952106
1.6448467203675974
1.8488790992283906
1.417112803734001
1.3706837339446432
1.7694940622646333
1.4444950183049148
1.398371561874306
1.5808467377357966
1.5041169829755985
1.5455632269878792
1.5168846185108595
1.4804035556492945
1.4262373068045635
1.3623270530061735
1.3489524750118973
1.7782632519832526
1.4320129723314068
1.6258521033143671
1.4063308487092718
1.3032410970675319
1.5121923033958176
1.3568216539098692
1.4625541560403437
1.672691212689599
1.5375632162739632
1.315523997139116
1.6468060010459316
1.5336367008228513
1.5218742695481895
1.3570939842686407
1.4258281565854503
1.4163762843020122
1.381233107452449
1.5224249510673886
1.543159349641495
1.303914432679808
1.3414410563431243
1.5271282041891197
1.4843193420223126
1.5330476429679465
1.3588804679954272
1.514632582709628
1.3193548691611439
1.5960280011539707
1.5105419288266162
1.3686492089423103
1.5403746392074265
1.3399194147248588
1.4634261149956382
1.5353010825869158
1.3920343112856837
1.4927594231539296
1.6622372871425717
1.3698796453649786
1.4379725092808266
1.3991003509630593
1.7070781910349075
1.3597262710740257
1.5118776433428116
1.6167425791413361
1.6904163845965288
1.3638965269240173
1.323239300956583
1.479969328710244
1.4141012934475437
1.3746759726461775
1.37362482406025
1.3265873712202463
1.3637689328278628
1.3726224818743158
1.3601594919782798
1.3109538654731705
1.4465527853310625
1.2843555240841522
1.5933627779096096
1.3367010092526472
1.667921739057883
1.6138734655343576
1.4130885218046545
1.4520189843771527
1.4198266832297823
1.366754641543412
1.4132629166874302
1.5624925001131775
1.3305488113704051
1.66216570682049
1.4600873204299145
1.499979300589933
1.367055629024049
1.4883304406937714
1.519436323802291
1.3655095500284704
1.505927154253075
1.3381502930677085
1.370935633552987
1.3642745267212235
1.7966550931486547
1.4265083277464787
1.3518350701634967
1.3978748586893641
1.5826906978071063
1.4718933081806875
1.3250181394889542
1.6828234837573266
1.746940679764474
1.3861293758189601
1.6530929011011395
1.3431971713461697
1.4748261670021323
1.553896539253141
1.408482650842935
1.3460072656087085
1.5122825505626694
1.3553956919052002
1.7508225559845763
1.4890947801368997
1.4277647657324897
1.5331831177030035
1.5977864322450313
1.6053484452150872
1.3344227140300489
1.7279520163284359
1.3568003192680467
1.343446177079517
1.4567911931286144
1.6151612624882876
1.4660962944245146
1.3946652128642636
1.4184797606046404
1.4523023714369259
1.389803642139375
1.6080342420043992
1.3306984435752731
1.4874152604428494
1.4216763444790768
1.503373040873081
1.2877899614022887
1.3871148654282
1.3978246912797208
1.4545856476064978
1.3974100430418173
1.7012065588105758
1.6125690791665743
1.4894368554732447
1.4912305266840062
1.357365287529604
1.436394543657608
1.4336733163839628
1.5360287802684023
1.3415182290237273
1.3773560379382488
1.382107749323509
1.3202466168294247
1.5086815664224582
1.423264218304541
1.5099327439628798
1.6487157631706821
1.5471270539576396
1.388063994328582
1.369527775777053
1.3318896850060553
1.540844431839664
1.4291182249275254
1.5683309666108192
1.3837490125930014
1.4206337905744595
1.3927815219252369
1.448128161344555
1.3629917201241522
1.3752375028889479
1.3599048737152126
1.5321278994980512
1.6999782665281793
1.3329895833856769
1.3632327953572287
1.3641207829876785
1.4634948380328419
1.321276268614968
1.5498497983777935
1.7016432455933106
1.4762403404126507
1.3547104473682134
1.469444588680775
1.3395777479609292
1.502488205136225
1.521912745897445
1.4912104145809333
1.4875652396965222
1.373516726876647
1.4631218689815326
1.3674012161224416
1.4062141275911297
1.5040203727974788
1.369475199033953
1.4507042027842025
1.4735266714362458
1.4135788289591107
1.3790036582063723
1.393380860851115
1.4060610172888257
1.374499349270363
1.6068850442507758
1.572573203629956
1.524817730774529
1.6388530365355516
1.6734325035362425
1.4360218886605451
1.4274257721920198
2.0433429988446465
1.4866842814827481
1.6475563633158723
1.6432447625041313
1.4754114712450308
1.691019454167589
1.3971751031435122
1.3490355818364421
1.3255268860862914
1.570043006647161
1.4039870257236966
1.4943577831054486
1.3259753994946595
1.6274089074912705
1.4147159724634242
1.4089743867543307
1.3916478058609856
1.5068626293831453
1.3658442235789041
1.5089406410853148
1.369781573626047
1.3240178737994381
1.4007944848204914
1.5048916956364204
1.38659068978772
1.4046642023356737
1.3254666381166127
1.3979434347767374
1.4177978050369937
1.3945160824597682
1.4951293622818405
1.370819960495803
1.358498531607246
1.5518732173976142
1.364429587680292
1.3858858973279828
1.4519153889790906
1.4768719626502045
1.4311701172478848
1.4240742104303923
1.4326266131521441
1.7460109849662908
1.3255334092691835
1.3977286749470719
1.6108563804623424
1.2728325214781946
1.5306060083046746
1.6870894005430985
1.4721521441157095
1.4624310479225338
1.4129843913576574
1.4084815806570203
1.4086426928157663
1.967244439882502
1.3238415561524621
1.4179601406664866
1.383384546768048
1.3629459028652304
1.4040862529347105
1.4480217888725764
1.4611380056666234
1.4163653702821386
1.3254519708153834
1.480427813577322
1.4769321927465957
1.5716231587507625
1.50489734230763
1.2907821396217734
1.4469412237839365
1.5145956333447517
1.4204565267152318
1.6122693729357025
1.435386005004526
1.4734338228922768
1.4969274929793475
1.357371259958317
1.351299125676182
1.4361253319848015
1.5066148873916219
1.5976667444294088
1.7299967241387668
1.4089762051910284
1.4588409192804714
1.3786524925718706
1.435305637273297
1.4869974630830576
1.6739343334996566
1.3277003446249953
1.7734913835471908
1.3229620870743921
1.408384674031106
1.4199271894296808
1.4188311407731122
1.5100444355649962
1.385435562188264
1.4183206166632276
1.5136526273920543
1.4771134678576157
1.3830508524943672
1.431029584128124
1.3542868648918678
1.5044525295478406
1.3969231302368184
1.3814267546608177
1.468941420055596
1.3919349344512768
1.5502477772475831
1.5116037904951078
1.3249473874543094
1.583025599639293
1.3310774270644032
1.3925723118872262
1.7571494893449324
1.5273866486428005
1.3435601471980625
1.3892073246890269
1.458509445393974
1.3791670079728247
1.3795636536429765
1.4562039888166747
1.489007824868261
1.57955283972343
1.3688035546801762
1.4076246624296012
1.6080396975090685
1.4467101999979435
1.6001919700724876
1.5657134824177685
1.457500255024318
1.4668266616902663
1.435150155846203
1.3914093883975205
1.3663189298378802
1.4669139460736431
1.5599487130901784
1.5495119394515733
1.5885768407511756
1.4826860716865318
1.37223847718845
1.4271085568700985
1.4762434429900444
1.5124731657943182
1.4188581039948422
1.4027517471652016
1.3079964906824202
1.4414991943732507
1.8718385375482143
1.5525155069410987
1.5467683639965804
1.5330227883268546
1.44252654727003
1.2748426966240254
1.475273392527458
1.368519270337453
1.5493422423199719
1.6781094805601466
1.451420795746117
1.3762026546504849
1.589240221491095
1.6190777952301
1.3931147181591057
1.6132289205508714
1.7158341284818754
1.3218525368790397
1.3981923414433661
1.4232202561290765
1.3926234983411008
1.3864276216142417
1.489881687790727
1.379942714888222
1.5895119092798742
1.4212662379770773
1.34705325238088
1.5389109088661428
1.486485379642816
1.3263344661346104
1.496466861276033
1.3434698870440789
1.4866062637194386
1.5124213290037272
1.4247865728329812
1.6519034428051738
1.3838044104502385
1.3231115680893055
1.3700606332805831
1.551769259059339
1.5484074402436878
1.5820911455190687
1.9635500447838876
1.3389200059604291
1.3488334213886954
1.400468845121077
1.5089243210269596
1.4051832984936576
1.7295026890796146
1.5685163083713825
1.3516577045690832
1.494579464628331
1.3513133456483624
1.3463815997322863
1.3742193774156375
1.633814071710452
1.3862886270060275
1.4949956585754929
1.3462487253520148
1.482429699423693
1.4378034289223216
1.4137251953672658
1.4733759885419413
1.3801131731357767
1.5655809152964084
1.348195848516429
1.3787627068751391
1.4135251960304263
1.3474729151763247
1.478872264924427
1.4677683180414562
1.3802552504082803
1.3582760325953456
1.6676413152663339
1.4085736543400167
1.3872933687927453
1.4004680198190917
1.4181253032359775
1.3508451264029024
1.4066783037527548
1.5198065735011208
1.3887094727723763
1.3864688817568496
1.5030774979638502
1.5591662186844137
1.4198146892711307
1.539042521077539
1.368930225412538
1.4441731966144742
1.3320179926234912
1.544914478432444
1.3320754177107783
1.3765491130284409
1.3256460528488299
1.3837367536698293
1.458582351851429
1.4132986046576923
1.326307448452322
1.470044901148269
1.6250477289396072
1.9938454083546004
1.3566139566506485
1.6320897513320847
1.5925264510527923
1.808763783041504
1.8637957147139799
1.496872947145515
1.3656322636436806
1.589094964226966
1.3915180840947121
1.552477239575474
1.272484782830526
1.6981042839163911
1.4711296025011038
1.4123336729222193
1.4866742189393447
1.3394579986724287
1.6717364787336575
1.414327012312433
1.3611704020150377
1.5306244091636327
1.4913890051260592
1.5200813178285544
1.5688766740698656
1.2723698378286101
1.35512951315396
1.4655375548821947
1.5271364225310857
1.6219629590535058
1.3163484654527302
1.454821173042721
1.429272407973776
1.470965369440286
1.4644336839145125
1.6188513499986845
1.4966857817312829
1.2686245793413276
1.414420623922739
1.461786755761638
1.3308080421684378
1.4359010176179603
1.4512222375287676
1.47057005690181
1.6044016435321997
1.4293109751114457
1.503666250818773
1.5780268955407835
1.3607159904440207
1.5738820158486766
1.3785764209247173
1.7471562300901784
1.3342931489869114
1.481241108198696
1.5490202990461357
1.3818919566903118
1.4553900666965285
1.447589074442996
1.6110823647635626
1.5090248206172523
1.6335921046132036
1.4455030502171233
1.3529509751130206
1.4426297512683572
1.3762870929066888
1.42401615528274
1.4357871822635744
1.3002096267713203
1.3762243809123336
1.500209520671075
1.4862668965507468
1.6267806858076281
1.6040203693996096
1.4332236401880811
1.686273053024349
1.5368366352857725
1.4901389100683116
1.3627575808042822
1.4505322234555684
1.59081297693242
1.308692628454283
1.3637142598094796
1.3867962818771387
1.3737006659956383
1.5042734904552422
1.3789199388021562
1.398349299865378
1.5493238837676324
1.4229200619704974
1.400883657796686
1.4048278480228036
1.4662991590361236
1.443544650275277
1.7311789679075031
1.3441865052524982
1.4489347890539688
1.3751006718296148
1.5811717063304522
1.349125721022328
1.524397983950147
1.539191131952831
1.3365398047871402
1.5280570307026693
1.4311243335429975
1.455441286537535
1.806898870995614
1.6595459329069735
1.4033806801857163
1.3404323175556352
1.4898832378162872
1.3958328074191628
1.7284378132990728
1.4511240776240266
1.4192385849236595
1.6058450274467082
1.4546745795334675
1.725681185853676
1.3975523806563173
1.471215162034907
1.477648966515547
1.488577899053331
1.428233345945267
1.4558106013454997
1.5009079022493206
1.4316611522278822
1.3971303535260595
1.4639118749597162
1.3825034079759397
1.424495560858157
1.7022013473739404
1.7158811221308206
1.4954573135624771
1.4397395681521952
1.356417269070828
1.3302419463739794
1.3619455467671238
1.4988077178112444
1.5320855136729186
1.617288610661332
1.4484554597223143
1.3663277788000268
1.359879862842165
1.3549783669290907
1.3950741003765261
1.364478447716168
1.2823206493602735
1.4231138179179696
1.4191492347326724
1.404164085374958
1.2875542409842808
1.3600893280638633
1.4474067123143077
1.366175562359687
1.36475261697446
1.5323467839225606
1.8329611378498536
1.3862840437349042
1.6483959933404717
1.8412733759037025
1.6331854293516592
1.3255912029799422
1.385939621270085
1.6861653944759827
1.4688228848067202
1.4997759728066227
1.663866273513578
1.3336027731452114
1.4513733017638522
1.5344987998840776
1.414090544052823
1.4063622112730827
1.399093689485824
1.4675518107153496
1.403523779297521
1.4746853133556226
1.4834723345029694
1.3437876941457743
1.6490556688510989
1.3576123802474092
1.4459693553960935
1.3679935967333579
1.3364331450434945
1.4155123456816603
1.4855778480282542
1.3789701111655377
1.4913349914242626
1.5348726895890559
1.3330819635739781
1.4158122473143764
1.7514483700828527
1.7278594075431537
1.532996896544216
1.4988621062649312
1.6250888007172308
1.3794412499356072
1.3564574067271717
1.6141075022274878
1.4381172408030223
1.535937462083957
1.3538890383292888
1.5200735764465652
1.3868312884884229
1.4989018171916035
1.380480581236543
1.446815317209543
1.4996915139762534
1.3858488200027346
1.4176777763041408
1.688815317489966
1.389875379747916
1.3093278504319792
1.897538238923638
1.5096249536391637
1.5020107996840586
1.52900993282098
1.379352754016962
1.6011735971367818
1.8392338709866214
1.4660546038464586
1.6442811673934161
1.4064860133012678
1.4233263627348949
1.6271916286952124
1.3466806469879828
1.3608009122467373
1.3228429637889574
1.4908818817825498
1.6571610171103814
1.5283743438798065
1.378506737670752
1.369510012596609
1.4022017535812248
1.5394078628524834
1.385202289103918
1.4513725868452263
1.4446465019668047
1.422226796501757
1.3165312376364033
1.67859425504301
1.5580444222016658
1.5148092961812556
1.5827102643726385
1.3367323869690237
1.5850113996058872
1.334889800324559
1.633425422555113
1.5459022134843539
1.4575194447688562
1.706974128176675
1.8850123826384069
1.6193756540726676
1.4932503229680072
1.7062360334972335
1.385225885492455
1.531140570721479
1.3418760139893335
1.53055238305719
1.4744428092427666
1.4808554468285873
1.463028283917275
1.3095518842047713
1.381807814886881
1.867483747549367
1.3203311883441737
1.4161116938843905
1.3840830554074286
1.3647219424706565
1.4866466977483417
1.5484407879734405
1.5195410516337442
1.3800499209663768
1.555020336184983
1.455809274531628
1.4733561327797517
1.6641995471383135
1.3896217691717851
1.3679042692481271
1.3793298054641483
1.5446078975355335
1.4037452281431253
1.3959767155679388
1.384757989567585
1.469441117937271
1.3458952728618363
1.3913405484253165
1.3968220642114555
1.5073258314015223
1.357674226402117
1.3875295832300274
1.3819288931010127
1.5058305508364314
1.5828223423717904
1.4877212045238928
1.5852507991380114
1.5147245073411824
1.234347656224775
1.3444073401862382
1.4821654146856726
1.552048843561175
1.7002012188177802
1.3798899959215607
1.5323852870669186
1.8943142521644827
1.514344477264468
1.4633328335349016
1.3147622877719074
1.5105613405270608
1.3552791474248962
1.4782933868901895
1.5094665091532435
1.6509261386421161
1.4006956511540822
1.4259376950425287
1.6250972143219318
1.8923050555937944
1.519169248531922
1.47831632055504
1.6279773217518134
1.5102206084434653
1.4374214402308294
1.4374507124847842
1.4391181592093094
1.3423513103474256
1.3878134104018995
1.375566887888819
1.3874859960026897
1.3377009896795389
1.4813181548944327
1.4630196232666997
1.4720635620358968
1.5848213728498846
1.6667632049315435
1.4581733274652586
1.794117762397566
1.589760018561691
1.428342247769769
1.616528110912988
1.3519646064859348
1.5728180517600312
1.345464660913894
1.3593559818329812
1.5417280828189968
1.8207011971118379
1.4541324611683326
1.4889186125524199
1.578918007400077
1.3485110476263544
1.5156436641829973
1.4164506565024773
1.3674912402134518
1.3397161215125093
1.6788472291787369
1.3775381787330314
1.4071268668970225
1.3843938709086965
1.5677443814097118
1.4373502046621112
1.780246379226583
1.515624807392943
1.4339951394961266
1.4156839194242172
1.3522658256119706
1.3873591979415467
1.381997171335454
1.44157924528011
1.5322927301724378
1.4315379604696024
1.4235906320471767
1.366115989065088
1.3606203545615347
1.3497815442662928
1.3328298752073318
1.4282712957538473
1.4384313829437596
1.5743168293703342
1.8243583539116404
1.431865364104079
1.3498031335536036
1.6330907411414572
1.9284519732173162
1.5923414576487616
1.470865056541825
1.7328210353656992
1.477154543472453
1.3792279315842604
1.4734844879667475
1.4542695320759298
1.3883989170644797
1.3643183655338365
1.405112996480685
1.6583423713500298
1.3478412115869187
1.3928206674843007
1.551702940640735
1.5888942250362106
1.388902721721733
1.4830448222810337
1.5140393722285475
1.362024232769261
1.489368254742942
1.4735625540429904
1.341636290034788
1.5774096405545863
1.450677244574649
1.3910643042556075
1.5386491008229657
1.4987062915075533
1.5523869905491838
1.5863057002292404
1.4422409769720723
1.5604811614737675
1.332676917423132
1.6623508938223854
1.315752426744911
1.3463715421127096
1.7025025815335548
1.3642402854319275
1.530109061778876
1.506181772660644
1.3666394779771613
1.3757629385753303
1.505041765385028
1.4599475877776265
1.4613633851721743
1.4209984383179521
1.644979717592098
1.4370306817307947
1.5930177071178855
1.4652810027085539
1.5063522348597451
1.580851364621637
1.4354134640406724
1.4217501510789674
1.59832571618205
1.40898470305562
1.427689769341294
1.530230873036289
1.3223081754216508
1.500541464453089
1.5986434442079571
1.7368932903758538
1.3881810278519748
1.4607811954923131
1.3914796206561906
1.390999330722333
1.502510508753985
1.4059503247927907
1.4151121335032684
1.4412366132133125
1.401859060591738
1.4534236269574405
1.6217630735926847
1.5950776583874557
1.5442180239075398
1.4592207906698906
1.3143626333952678
1.3191513988356467
1.3443945437079683
1.3440128615117657
1.3266090767574534
1.4240423691746125
1.3253497310812756
1.5277925003312574
1.6181993102960222
1.47786612494873
1.3379806107484256
1.4357071471058598
1.3466475144142809
1.409432677145334
1.4255599127055358
1.3835755243663093
1.382021583299675
1.3365608761302281
1.310157936867412
1.4787115350582472
1.3635752294786232
1.385477425932848
1.411497312273216
1.622917676506363
1.5358767169597822
1.4798808301158979
1.3911700093265287
1.3246606822898261
1.4533887752802412
1.37326466102851
1.6712985678976375
1.5619355573429148
1.4776551001165819
1.3562047185372128
1.455949213256658
1.7384489700112782
1.2823177266092625
1.487754160475047
1.4184846086826974
1.818681702912058
1.3584560051348464
1.5512649798686096
1.3428681438909629
1.509250768841688
1.3487952119523718
1.449155155485518
1.4596804814854578
1.342089723099268
1.3490287633208151
1.7328853441516041
1.4070960252131741
1.4742599273307635
1.4099904897939004
1.3658947949548292
1.4968279722671554
1.6211857563614342
1.571690889952194
1.4119343405962514
1.615002934557097
1.2837109454276994
1.7501818223069812
1.3787564273880677
1.444958062408696
1.3831405487677968
1.418900773912849
1.2879554230606813
1.7610913903553351
1.3589439661768052
1.5690977519925253
1.3785597853366256
1.5043807211028681
1.5069012905368564
1.550545861567294
1.3340941646503939
1.4978581459923601
1.5125888310625615
1.3611164643459204
1.4522116885740417
1.5157238992859299
1.6221945268518476
1.5742334843785275
1.3405886148902515
1.402499505544952
1.720814338039451
1.594752871259007
1.3779235806906305
1.3417016872494352
1.5779451521911705
1.6013182623793354
1.4251168462460362
1.4068553548743636
1.7820359714297667
1.491639475751475
1.3566701848904832
1.3666996876488624
1.4995057492854
1.4659235124619443
1.364040327408566
1.5038190535640166
1.4761985711413952
1.3692485830131296
1.3199899652519165
1.325190920685205
1.3375067208789868
1.5265546870178939
1.4873308320538807
1.4743029362957745
1.5037591632044365
1.5347787811839122
1.6085953870789658
1.7490916057254842
1.4085012567665962
2.007109719337251
1.3232503223820524
1.6922017779960485
1.925608599061355
1.385322587427357
1.581016421810886
1.8260031966558672
1.3997885582834608
1.3146034630877774
1.3623190148454865
1.3387999035710514
1.3062057467400783
1.3101519909658026
1.555861889327818
1.443759845756003
1.3348228116097605
1.753464636928144
1.3638407995644728
1.3200876724525332
1.3483979225083453
1.2787384062501355
1.3928119158827839
1.637523787020444
1.5236978164555541
1.657921490602221
1.4308990042795913
1.390081349542918
1.5024236630084757
1.4023136629351873
1.414220331837227
1.3206801319743569
1.3664028082857531
1.4686384497745235
1.3174215036175405
1.357762447932097
1.3608802237327584
1.6407420955434815
1.386337040894986
1.32894477984672
1.3952908620330922
1.4250611953057681
1.4090634961052955
1.3396245239929754
1.3664199345953745
1.4311586554839628
1.6268185878322465
1.4990742454003552
1.4260423104928517
1.4422925170359426
1.5098405050563173
1.3735613679645617
1.5701531890684508
1.382357440171713
1.435337541011448
1.3325012763270083
1.6137487656059455
1.3710750244986638
1.5639449633297189
1.3515459615670562
1.3761552242772466
1.560633624072811
1.4113993469392285
1.4337904204025202
1.555967353939777
1.5074421585007114
1.5018466360399139
1.3455274684903966
1.3798282891378713
2.058298727227979
1.4079142002636755
1.4578428051010206
1.3304833482617742
1.4384001752486821
1.4861232288384667
1.354806856566819
1.730666418144922
1.6844391337186246
1.45983420120001
1.3553902153694384
1.43197136831979
1.421574880325882
1.6487536567455299
1.8532597617501438
1.6339083269186754
1.4862700152740802
1.5784811075709386
1.4381385238497497
1.6767980730633596
1.4087097494032408
1.4465893165928785
1.4376309992545904
1.4958272805048758
1.4250046154520273
1.4785297228664755
1.3609143893770987
1.5540920769378341
1.480654000001889
1.46649391198367
1.4205647439565505
1.6010885498217675
1.4651614209241435
1.4200384260451946
1.5478407905647522
1.567095674500929
1.4922601869421417
1.4387036599840666
1.4234430565161387
1.4182127739858594
1.4885006272117098
1.4043241380876794
1.4184182735336286
1.5946071391787968
1.3501887937836232
1.3676225680625813
1.5050138551844197
1.4042207503456545
1.322734698629651
1.3475605074491572
1.477707620697041
1.3280870978374786
1.4473474863192177
1.3648281698638751
1.4557092376429235
1.5209715119370495
1.36340159699779
1.6452974779380167
1.4654727784266939
1.365770601444999
1.3131491554730288
1.48401690355854
1.5452361887891337
1.3894446562726666
1.4808047833178173
1.3298720266554467
1.3400962053227805
1.3134532823001128
1.3360777692460537
1.4496753956779054
1.5186332347910083
1.4729128223403207
1.5077732472110235
1.2932732718244313
1.464101895678571
1.5789991801719552
1.5056421399001296
1.6943006758357326
1.3665616328304726
1.584012700987431
1.4316814323424132
1.4515446302013553
1.5025209817308764
1.6947750291762678
1.4529890888886627
1.6019313053106459
1.4703575261175474
1.4814079856906397
1.4604360326720087
1.4154058660059354
1.4998860282154116
1.5137222260756977
1.321660868067636
1.506939732704012
1.487505979872113
1.3887114901418007
1.5746825125962114
1.416945338621603
1.6155741281760865
1.418008883258553
1.4613117390035195
1.258885041870521
1.429696246986338
1.4382362103967454
1.3722714883205844
1.361419338132312
1.7343103890654068
1.4122172677728233
1.4272630114796603
1.4648540967884198
1.4964780345681818
1.4366797286643944
1.7821221979437878
1.3675347859804021
1.4007028271665085
1.425524491897857
1.5712650302136064
1.368920191594178
1.5002017903035654
1.4893804357885938
1.2873705388039671
1.5294787694113483
1.7262023912301179
1.4286414693056346
1.374835263085452
1.483311728790044
1.7658836945704375
1.6174349974241593
1.4765044315149254
1.6654141379672929
1.4939163940814548
1.4726974324604356
1.4155782103842043
1.3984346032371613
1.3498303255226518
1.5571837096142531
1.411627130832157
1.559615281079076
1.3875174242351296
1.4134354476979696
1.5852839293634697
1.509156138623268
1.4826593908010597
1.3313160025673054
1.3830874310506838
1.3847251133644631
1.4170032952994096
1.362192392930375
1.4495554120045213
1.3766645957923451
1.3745957536188864
1.3965087906629408
1.4222841160321817
1.4528467805945524
1.3335767018432647
1.4047993288853189
1.3743662018293874
1.466735631666929
1.6080350953357792
1.3236014104647953
1.3436232289090875
1.3207794885676014
1.3499798491521378
1.3807787458336953
1.630065260973331
1.3479008980851235
1.3388031809853795
1.4628943131098666
1.4560971544208356
1.4657829563869889
1.765230060101697
1.5792144614944341
1.7037145873329034
1.4221596362188553
1.6244996280435748
1.4075591532726002
1.6210558724541282
1.4929914107699933
1.617990563351679
1.3223525332272195
1.51750090292622
1.521533147188698
1.416945438488919
1.4146262651716972
1.4051396264960814
1.3274993489921645
1.3828696808458196
1.4404563592661317
1.431887007617731
1.4497552457418428
1.3147918077791558
1.4165747980011716
1.4850183381323583
1.4620130383914074
1.7080158971424104
1.4906620938071429
1.5926131537891868
1.5573768272072652
1.4206757906795622
1.3915405943147083
1.414087748783001
1.4911677799657508
1.3883652236360118
1.4307008458822246
1.8259577854400126
1.4701170228683598
1.43047951362484
1.5371200430591394
1.3784468878146707
1.6858610268574081
1.5653280938277816
1.3842724345587978
1.3913330270693778
1.5752479901915715
1.4655097074598757
1.3858899515874419
1.5118620661287552
1.4084476385153837
1.4311529482416119
1.788309776843393
1.693255004490859
1.329832147019984
1.538989417843582
1.512144403356286
1.5190500189793075
1.4043641428922249
1.3114761904073728
1.4301126590751962
1.3193270811845421
1.4440114929643566
1.5159864106072887
1.3516881111166164
1.5239077933800909
1.3611358337537196
1.4003571017159202
1.3024201235208928
1.3350122012413443
1.3677405082685368
1.459576867549456
1.4291357664494022
1.3350197651246256
1.415087451552587
1.3086742998383345
1.4333909278022305
1.4621638554867957
1.4473202014093205
1.3180683830604947
1.5115454339763037
1.4788815691716202
1.311247750341733
1.4154125410238447
1.439909162683515
1.3808971337169944
1.541440721981803
1.5579459698214084
1.5479303236982052
1.6056132876096771
1.5628521330284282
1.5878862552545887
1.3327306921048538
1.5125543890650053
1.432779737271338
1.3724163126789808
1.3866115082889192
1.3868310930180912
1.4589574372229834
1.6720599056981815
1.3660156672073862
1.4638291282543585
1.536606578510796
1.714068829962346
1.4240845070310448
1.3751899618365915
1.3197445139170816
1.4674069829248868
1.4936293302457764
1.5555458170499312
1.8656566726511874
1.442326974131586
1.473243258642786
1.4941986726737204
1.4277493724405337
1.440904371284756
1.6696830833278495
1.348093440220121
1.6726368935026652
1.415589917058868
1.4923028450013425
1.409067866773757
1.4490930352137803
1.4846271772822381
1.626428762619112
1.3790237168695931
1.5764651813461212
1.4793171364721833
1.3376250500874216
1.5651468391653858
1.385452565648905
1.362081060507869
1.3547495434440195
1.512822961445705
1.3887958228017516
1.3433136637330243
1.5173799636606502
1.347292417971172
1.371453308966543
1.5056661068169845
1.5307190675434772
1.4771366745555452
1.3673381862652092
1.4953510431614148
1.4701441440155059
1.590499129077106
1.3609249569178448
1.4553004241079408
1.5297771230565638
1.4619215618592263
1.8935732147648991
1.55513537482714
1.4808108419543173
1.4532586205908895
1.3549061075918492
1.6637149808879994
1.3387351043446243
1.45226047934328
1.3511266065185261
1.4086737273143248
1.3786038980911932
1.502215388632901
1.44268968452346
1.3831260401388348
1.4790925578336707
1.5159609910969343
1.3492889436441706
1.6000046230480234
1.4344994637049369
1.3048723020055446
1.5062624830053857
1.4429769024637127
1.9007426547216568
1.4444144536165733
1.3405178539655913
1.5543334218885432
1.7320809448674874
1.7087690207696689
1.5768982053134946
1.4628181593528715
1.7147942118900674
1.538828884999538
1.397045420487414
1.3596060159101957
1.3908851680594296
1.4017939850853753
1.3926556602993618
1.41488620208988
1.7487876426769409
1.3583287044491188
1.3648838983974707
1.3788554526706747
1.4873681655725088
1.4618722435207467
1.331232667899115
1.5883006814343146
1.527006808988587
1.4042180607908676
1.384121986275554
1.5521832259086734
1.4728944026830455
1.419135143882855
1.395815011544203
1.367925043003445
1.5112721281002175
1.4822978896741748
1.334950453735089
1.3970492928461793
1.4638620355702667
1.6089267840593142
1.3809596987586188
1.34724286234572
1.6467145034745223
1.532574831368442
1.6284576648969067
1.5377293231059324
1.7315429117015675
1.4323344953546944
1.3932010620281798
1.3511872944149068
1.4227573898135162
1.5418575687682607
1.3713498312638916
1.4818306514740947
1.4818873467368447
1.5223257569779571
1.6208461783257206
1.5123026697599609
1.6498316646803384
2.0708572749965084
1.4671170512874971
1.54661264641389
1.586261926478482
1.727335219796582
1.4143482982591686
1.5187595043115618
1.5809785517018988
1.7080537301935104
1.5094634816403736
1.6055067618402543
1.627117319827156
1.377941043169669
1.3120728896282126
1.4430223127772195
1.4929952341989268
1.6272625771149052
1.4515647779420267
1.418674107655669
1.3924183575934754
1.4213379651766531
1.4077217396153427
1.7063988534486376
1.4630093667941582
1.4922380693127046
1.3782279796321584
1.6351734022045343
1.4935927474374182
1.4271313872046876
1.331985799927704
1.5025208569172037
1.3558568596480511
1.3456297907184351
1.3313371486765957
1.4720681494584773
1.6211770207402643
1.4022631871401965
1.6191236027801492
1.5760995374283537
1.4532756686013695
1.3921990599864673
1.4249778864414522
1.3760970381883648
1.4249616281243505
1.933793923053727
1.3908435576720934
1.4093232778707352
1.3424468872606214
1.3781635517650415
1.3809867790492967
1.3725693541887556
1.2497342076282318
1.57522796500001
1.6562043433981999
1.4358667936155012
1.5024985130307063
1.4105857331516785
1.4274445188447153
1.5336411207306317
1.6441093498942947
1.3000076812252388
1.6148760170721523
1.3284337006530584
1.4036305750965377
1.4001101379506502
1.3951126621115315
1.5995880089159256
1.4207084929464857
1.3054967485384423
1.4848615721142204
1.6378619067812945
1.4126442157736179
1.3914780930626238
1.3855214793758237
1.3197829163159376
1.5463546969919053
1.3494126471682197
1.4400390590489582
1.393862045787962
1.3717584129149638
1.4486049751344914
1.412315329579413
1.3459717437162648
1.4082013184010271
1.3495241836757434
1.5091274417804257
1.632645532613227
1.5503588926037097
1.5131198206889656
1.3479213735400242
1.3504675813035814
1.4135416820688125
1.7633549544468237
1.423505740756009
1.4946756341194785
1.3470223035564375
1.384709366679762
1.635501853126905
1.6267583824519363
1.46442992701491
1.4471586909217764
1.5272522834560747
1.530479014359078
1.4262157024559303
1.476557327714683
1.4974673751449115
1.4792415533370356
1.3628934203019654
1.3939467936872567
1.4539435737881565
1.8064286902557174
1.6006689466726258
1.3215756049680338
1.5368720932407234
1.632904456071444
1.3908261740860821
1.4663537073898083
1.366061366790736
1.4281500515998404
1.3410956319287561
1.4848030395141676
1.4098540356474314
1.5280553297147814
1.3805619114192142
1.4510422200260418
1.350728479353084
1.4492691935018163
1.5414484508432265
1.4034588921654758
1.4157361134924733
1.422191310283733
1.4996989454400975
1.543950636606656
1.434225204168546
1.5528131427690433
1.3021336718189844
1.5922186177189588
1.605383171744419
1.2935982678564013
1.4682871123661219
1.9954039442622233
1.632850353945754
1.3794986058443803
1.3345516946333007
1.6153992674419666
1.7306312410600146
1.7395655443564724
1.7385152711175107
1.2727522659221713
1.2948198247078515
1.6972573165302025
1.5353564488882918
1.453167697487298
1.574290553960576
1.6291632145495525
1.6279718416077518
1.569331650888085
1.3822216181744567
1.4072645399460462
