1.9212151625516918
2.000089062555664
2.0306952506633293
1.9616946460049025
1.8301532353837364
1.8675040063776764
1.9100931958171112
1.8085278126477538
1.866295323429754
1.972909152278743
1.8029602260179103
1.9514575411195243
2.0327097973074424
2.1257262320972865
1.6544154524761867
1.826227707963776
1.7257525703552459
1.8538030625357709
1.8368640684516653
2.056959573257983
1.8690811652221688
1.9924963865149552
1.811926362902822
1.8313711496846172
1.9523640316422288
1.8890408004631656
1.8407081694722112
1.9717572071300256
1.931597641741161
1.976057818688415
1.7475181715231591
1.7524199058824477
1.773323264307521
1.8452714744536767
1.8860833529194148
1.7636159172395738
1.8962807350357809
1.6893241020016545
2.0348014656993616
1.929761909899502
1.7905379305154279
1.8279718989715859
1.9125471234600326
1.9447133642935537
1.8250155293575765
1.9818934228025162
1.8348539199381393
1.8982317915021638
1.7083614988031628
1.9294885300035305
1.8427842435093909
1.9522003708149167
1.7978238906122688
1.9462848692434573
1.7497962310036939
1.8794892961038434
2.0422247248760548
1.9720669802617663
1.7681886732283962
1.8073049601271713
1.9539775714653707
1.9710740061412881
1.7736110604359796
1.8927776028779817
1.8181526004652457
1.8393659464768082
1.9609005514368247
1.876336940359422
1.9326525861655277
1.7814418746270382
1.8525447125940724
1.841216982827231
2.0790191913701
1.9005470434157883
2.0623690365143212
1.9279222689807753
1.8585145841267987
1.9136784162240583
1.9298710983706027
1.9752873469063084
1.826030955128149
1.9391269081742337
1.7791319263690692
1.893478946242855
1.8257726180689209
1.9658251262562738
1.980541076626193
1.798264757606736
1.9175893551433905
1.8349308748648296
1.9531816375096054
2.05799955030061
1.8387112982724896
1.8901552067606562
1.8937224998358113
2.041240952371366
1.8545070422535312
1.923168702625018
1.7708446894536929
1.778421892972136
1.82370509948782
1.8072552414790757
1.8500517381556694
2.125128609104178
1.9288808658158036
1.8903830632854732
1.9909763909037537
1.9732631060565364
1.8251696533097679
1.8546707184114688
1.866856787695144
1.7948972127575988
1.9251517432456369
1.8956255609506025
1.8001034317865479
2.042710403905196
1.9521105313033942
1.8004479942303557
1.9478933191423295
1.9653949508601145
2.0223973338117522
1.8203950562789766
1.956320077616933
1.8841107817225597
1.874436007103039
1.6926277990467629
1.8851838582171598
1.8483903758680977
1.8090684190254596
1.8374747464025891
2.066688649964562
1.889555736366284
1.8288393363342759
1.9103418504984122
1.98597068842745
1.9064429473840556
2.0916719609559706
1.9477066879998133
1.8196627916059707
1.9216149703954437
2.18318021706018
1.8974967269254077
2.0342384927702457
1.916222647010882
1.986211754715511
2.0329353296153223
1.8285715957183741
1.9328117847703261
2.0620552942595403
1.811932809221679
1.9280104739906654
1.748646924772743
2.0287863985988164
1.8612097101149332
1.8816857704829184
1.8334313510972517
1.8123360093094016
2.05380558278446
1.854811846060358
1.8923311890140413
1.8209038916812204
2.0523258081591447
1.829403100528182
1.734240217648118
1.9788711136241406
1.7707111520727103
1.9954151516833774
1.7620708554984408
1.8788135768151042
1.9811261233072568
1.8187113003754762
2.0934519294229244
1.912188750372023
1.952047105643534
1.8027623536459068
1.8606726045864859
1.8544857157227745
1.8825273468637604
1.9733474524567653
1.885144284425493
1.7581171890130258
2.086722145810518
2.031769168177643
2.0350283955840025
1.8649541922764796
1.8265875263288427
1.7728499674592233
1.8071099111982656
2.006469488822225
1.7832691155697973
1.9099343710194505
1.8701407670127057
1.8660919603879162
1.7858916076827178
1.7824347013747843
1.839192976335843
1.7788403548621468
1.840911003371204
1.9903099190449023
2.0968266196447876
1.9646391837914954
1.7481458292424725
1.9015987003747776
1.8266085900763371
1.7895301146566438
1.778246187975636
1.9402286930744999
1.933243338020973
1.8280217603718385
1.8097358198075273
2.0986821717745436
1.968825818265062
1.9304122399319998
1.822797999631568
1.987338037384066
1.8373899716750817
1.8041125166560052
1.9877122113686894
1.7534778258105008
1.9864596673463586
1.7961311154220552
1.7734804638619501
1.8508523424156405
1.863192067893724
1.9381289924069043
1.7777826136990769
1.912851673546754
1.901533147345736
2.0431699164391763
1.9988784011842076
1.8788531806880449
1.9896399675316052
1.9317730078592033
1.9861054786098706
1.8925956163134272
1.9241338658305458
1.8302497851039194
1.9825029739987536
2.121554642103668
1.9475106296305835
1.8614278607917132
1.9690417925658028
2.037471615766944
1.8214802418690974
1.8570074325529229
1.818720400207339
1.767753174911009
1.9897854168841902
1.9490740197957417
2.0526772164439038
1.8236268225922125
1.7700653762802734
1.8952006830243577
1.9110019383191774
1.8427154467934213
1.9553388105342289
1.9186701190422986
1.7538852670865053
1.869548258476485
1.7971278620038538
1.8179674227190192
1.784443322199473
1.9120693408081177
1.9163896672041565
1.9485610859035791
1.8634271800774005
1.8060236382904817
1.9313655864474817
1.9148851335889892
1.717737405843167
1.8181389790815088
2.126007366184838
2.043370040076187
1.8665767847836705
1.8530298389776831
2.040336418759554
1.8610591949424864
1.713633757971251
1.8624058380414403
1.9602641725494308
1.889851119375426
1.8716853796521233
1.9356995337278806
1.8860774797198192
1.8847820470473693
1.9045955078029935
1.8561256714803227
1.7897490630879511
1.9171415608844282
2.08812193075014
1.8950320493111734
1.7933404519009293
1.9840199233050364
1.9113419062804184
1.9941806419451302
1.8827474861880027
1.6740276474185702
1.858185364573962
1.8918303277431463
1.9053705065800717
1.8853249984827443
1.936569356202472
1.8482127461874367
1.8536255126326528
1.9040201285070717
1.9615867773683633
1.8841757846366542
1.8052070090100147
1.8039309514494164
1.9062444455560832
1.7787699746633967
1.8194523160903022
1.7496566364543178
1.8848852856401546
1.9167904814738297
2.024937793214287
2.0420547354280605
1.7397595961864938
1.8605020322910992
1.7647700440227767
2.0082262303344387
1.8145864292635139
1.9627722075191278
1.96088494905442
2.061003960637861
2.1221515343427844
1.9254384122596746
1.970556688371231
2.075723273130568
1.8828274660453541
1.883104821315701
1.9226999599761891
1.7856177672332125
1.9522381205127053
1.8978316141146068
1.9845241428902451
1.9303049222253124
1.7845886194862695
1.9138112464057222
2.0101379176794416
1.8830739725105443
1.881087434916787
1.8318842297039186
1.9400669267896877
1.8948788581826705
1.9946745708695008
1.9860413011900528
1.9885098983245837
1.9718259031751257
2.0301057903279647
1.9551531580228405
1.8459814244333168
2.024628592888111
1.8341374061998281
1.8410829703974787
1.9037265375351788
1.8043831649935231
1.8036188784741691
2.0048645284825395
1.8678053763986562
1.8052006229913073
1.884324588604029
2.0086197434461135
2.0983246866307708
1.809221668245173
1.7993378996111147
1.7785337058501856
1.9197390047608147
1.9335574879705661
1.839115289523924
1.8808068021686806
1.908549245730599
1.890071223331085
2.141493238442691
1.9565834447550856
2.0364427037187145
1.9762050532646418
1.9275418398228794
1.8202138019897018
1.8702213164305723
1.7759426702278733
1.9451055499509826
2.0358775605968096
2.0430363077140754
1.8883010082883354
1.9060328764090666
1.8016512883120854
1.8434811529722428
1.7596155848663744
1.732247725603795
1.865457844811028
1.884859755933672
1.9973578508511094
1.832187496185639
1.8420948041712857
1.9784453795100738
1.7757676606802528
1.809723536489586
1.8115749719301926
2.0467614373149763
2.0320228352995797
1.7578678898378208
1.8723700675125021
1.8557967456433455
1.7754937285958792
1.9270344309527914
1.8940790555669478
2.032199391268657
2.014543558416382
1.887879441676978
1.7608906933828992
1.8244668638234305
1.7564702227383817
2.0036195382892363
1.9143170745665434
1.7980512854627633
1.8208418189090145
1.8123630727313258
1.8874556206118684
1.8141793988310533
1.7659454796846235
1.679730089894967
1.809523951076746
1.962081412393633
1.777555748999262
1.9092822349176641
1.9353920951497359
1.867561024972894
1.9244280805315812
1.9366005472309122
1.9603916902787288
1.943009653539783
1.8040886756788752
1.9837271059953128
2.0156280188833873
1.8402578881992233
1.8393069015921686
1.9167550177311563
1.9693195937847252
1.8694719229983818
1.8983811946511502
1.830181127131083
1.936377545034813
1.7026734491259226
1.8735460751353334
1.927463343884995
1.9116132869458442
1.762791848422889
1.9485538705715617
2.068038039923186
1.9223034277138609
1.9660025947217141
1.877124248684332
1.9443204422681015
1.9535681302483858
1.8773793141732
2.0184257747281973
1.9186603914886953
1.9592067201452221
2.0096581731645653
1.9250814192826844
1.9382810879081303
1.7618183826360998
1.9700298624316286
2.0341492748954835
1.9936721096080845
1.9640478235877603
1.9276941942354715
1.8971774652282423
1.9732978656594455
1.8717519688151165
1.8244024711592552
2.011944094336077
1.9480395132620711
1.9037945834993235
1.8319194385987252
1.9340480102481394
1.8987190981182844
2.0061719878635342
2.040045005127313
1.7961350765958612
1.9437343830224307
1.778168967902929
1.8518674301082683
1.9794831954320258
1.9065477622781892
1.8736852108951585
1.8610503628787647
1.8293445071765553
2.0107215466646204
1.7627450724582407
1.8437555676311401
1.8959491501118955
1.9204723439586249
1.8954635632080286
1.9771225424508385
1.8078017188594848
1.9408961763202526
1.9677414921661835
1.8919789361700157
1.8966668360439751
1.9810404758323947
1.643988421434216
1.8528602351839933
1.8989664184225483
1.955786954941951
2.0239985534390064
1.8360431898808964
2.034223736554258
1.9413898770301052
1.8890108001209607
1.9860789176677849
1.758559077809808
1.920900818899819
1.7681546107225443
1.9166366989135923
2.0034954322150647
1.97016840327921
1.9669473364831211
1.9321575661958206
1.8556611102150204
1.9430073496062206
1.780123891082087
2.037206160904979
1.825348205278411
1.7446429460583412
1.936549694598788
1.8900692312900718
1.8056161784464047
1.9046735314454566
1.9280380018815226
1.972283285328152
1.8577050337948624
2.0595259444899945
1.772417042561752
1.8477627467787536
2.0616929185602815
1.8978452514649253
1.712139321239758
1.8786981462671293
1.9033177608406244
1.8872711942026459
1.8067423406379848
1.9631275669135282
1.9540457846911559
1.8644889106394489
1.7889675627486046
1.8548003359102576
1.7766166789098408
1.8586052516979878
1.8464741868942427
1.708403644395827
2.209837825884875
1.8803153893176539
1.889954274976511
1.98930133790382
1.8939224089435407
2.0025628938380993
1.854042318805101
1.9032930366927572
2.018201202499232
1.7324576591397205
1.7967100621421497
1.7842947544584593
2.0789888106752348
1.8585976559090551
1.9089379442508034
1.913494846781737
1.8144483668113975
1.9946700940430373
1.8994155217610451
2.091871448429025
2.0563255269435423
2.13994406527119
1.8446533760979502
1.9050259535260219
1.8673782017348215
1.9079630231751963
1.7662134114152124
2.092242331362667
1.995117005503039
1.7446070768143567
1.7641713126149887
1.842707678793563
1.866317219800279
1.844053720776111
1.937223869432473
1.8365936791366773
1.895760884030071
1.9322744821855702
1.8117948150680903
2.0066340334499877
1.9645082090299437
1.915081227917757
1.8908734415921178
1.8009670373435638
1.9211157137036627
1.8599522872288812
1.8765630567883753
1.753640781417814
2.015346609305504
1.8791217685370671
1.676033318787391
2.0789324717999826
1.8435352527105784
1.782964162928842
1.9447683036105188
1.8761784471664944
1.9554358034845007
1.836488117054039
1.7520469615028713
1.9592463722757305
1.7492942239674933
1.753427834366099
1.8333552643012667
1.7982844163158616
1.8829677194666314
1.9512836720597886
1.9709236431282147
2.0739029383137813
1.9111427634252847
1.833046303594679
1.8965285897919166
1.8905170015082093
1.828067576264787
2.053389767397433
1.7532671253918335
1.8991088970229573
1.8611870345570183
2.090679532495847
1.888727449363259
1.8275287680223067
2.0992673115023575
1.9979848670237326
1.8707910077858791
1.9795490044575084
1.8015686235272035
1.783749327160331
1.7880139409938747
1.7526752577046787
1.9285388112689466
1.746515479620479
2.0404996267452384
1.7426356565296144
1.9196082294861812
2.154858276943404
1.8006572523838948
1.8589707683912784
1.8452396796970267
1.9248938832398994
1.9339033062544755
2.0500398482252975
1.8416193631932578
2.0130429470569338
1.9580411128089763
1.9463796817378243
2.166052064526941
1.9778960207556586
1.979714993225746
1.855108576769998
1.7721437396060857
1.9834376782396579
1.9224849075064387
1.8159541813734799
1.8277471816487079
2.047636223339338
1.9755655822134734
1.9804182021409602
1.7637310533881367
1.9460397032283803
1.8982812311850155
1.9194612287821593
1.9239649075311864
1.923685839456298
1.8196460159954928
1.944550250585592
2.0442428801719377
1.8663947105917047
1.7036350160158873
1.813417591529671
1.7723453722011693
1.8535252349665468
1.9709928173792306
1.8191463405790067
1.9540741412599056
1.9267136337883999
1.8107500373325367
1.9584256165568223
1.7482396794612929
2.0981120420751003
1.8503847366761375
1.6976364433404059
1.9617010218073951
2.0500190757192125
1.7817713838944373
1.920053620610885
1.821656981944452
1.7929002814910688
2.006646572951835
2.0173457822975576
1.850781405262017
1.8120721246953255
1.922649388687966
2.0140778807179998
1.96135928445589
2.034734485616779
1.8434095899320901
1.7320595712816365
1.932430413086149
1.8607150112787854
1.7637551723906124
1.928809879102512
1.8486566609267376
1.8091282896977303
1.879491253693356
1.8331129552263656
1.916507782837924
1.9520168192510416
1.8410675571397186
1.7903013190274817
1.992330563837996
1.8833974864146523
1.9333708280633364
1.9833399640617573
2.053245477012897
1.9241592182522798
1.7534757697461438
1.947446944262873
1.9135043086958496
1.7414889354367211
1.8016731287967527
1.946423525256105
1.6558302971362824
1.863509947887417
1.9416551881010562
1.883274573162618
1.8715344807585974
1.7702882585146515
1.8910409351285675
1.912439318444
1.8302850875851222
1.959498380567262
2.008149404168678
1.9556317319750487
1.8782129970194976
2.0031439540297047
1.8588291891407183
2.0258278215016348
1.9878782713992167
1.7895272663308217
1.9755326811239406
1.8570083108053967
1.9465525020879715
2.052712875505989
2.0121984019795742
1.8428998894126651
1.9346652586982371
1.8955134996367893
1.823040405631961
1.8425945587646364
1.937886523456325
1.8506379666969082
1.9515403317164648
2.0178623714252826
1.716649669312683
1.82300091058026
2.0255773696250072
1.8205645334830505
1.9290642345355389
2.008870483298456
1.8716688916949573
1.9025110651466155
1.89541298129739
1.8697798569900246
1.929616483491528
1.756982412030513
1.7990160271321796
1.8929562918506666
2.167681375786454
1.8060808044457415
1.9407735042462884
2.034672286591543
1.960697817725942
1.9241345812838362
1.8803084725988186
1.892719956742496
1.9461009931760431
1.8863067782263807
2.066635754531281
1.909029059191134
1.7048455336394275
1.7141205743682322
1.9573939247300112
2.010074884206771
2.079826192941233
1.8329163804971844
2.0709990135073495
1.949094501649658
1.846565747454977
1.8713983043936477
1.9260158442041029
1.8104834961845995
1.9651792251355074
1.9602632039333476
1.7937062254178882
1.957460912353174
1.8774783221176365
1.9359088638912068
2.0048660158139104
1.806318899945401
1.8222232767181854
1.9594976081466855
1.781194120385104
1.9062242727708136
1.8566827336412906
2.1007263543022217
1.9174136840903255
1.8900624352651931
2.160517520558679
1.9827770240180762
1.9554824868610254
1.9453133432989225
1.9982275190968533
1.8625344032067805
2.0427559074234263
1.847654374797132
1.892789341418788
1.9050366237217968
1.9522682301164198
1.8010555829070671
1.9248816109792224
1.8427657139181386
1.7489480696022368
1.845604249237736
2.046341875743791
2.046722647020411
1.9597156148871788
1.7552651255076845
1.940358156375371
1.8625783538948466
2.002193342434466
1.693648299450295
2.0056833755457046
1.9818160602003376
1.8466884537377868
2.0939549421489123
1.9280048052070053
1.8122176966512624
1.8343445098911917
2.018082361957812
1.9523978345062025
1.9087111261823204
1.95977992308874
2.0048394178040767
1.9360054696656925
1.8949403147042863
1.980358669309397
1.8294245435148582
1.7846715719924586
1.9698933398059253
1.8982352625207075
1.935923654292551
2.0122845965076217
1.9266688086506718
1.7350325552106873
1.9368842376391815
1.8850740035803997
1.7448934730565764
2.034518847112132
1.9055700358567378
1.765945812322696
2.0672848250269342
1.9632150790769316
1.8949607123371173
1.8465757974123125
1.997217874786649
1.9832610468032381
1.772010771939524
2.008378660496262
1.9273351085171193
1.8250875746960735
1.7238079999495455
1.9553910030831751
1.9935749384353376
2.043552936313505
1.8909641505296209
1.8572962193951372
1.876317385206608
1.9663121588239123
1.985961519610038
1.8764885623814376
1.9780763661362162
1.9060345978033597
1.9037515223620127
1.9045633005293239
1.7019515490630734
1.8250705664581193
1.8745004273074726
1.9499515061729293
1.9147200094711496
1.9656118375735518
2.1269064598407295
1.8508096877935045
2.0430998670154126
1.8444798592118774
1.9180085703606409
1.8248712214286031
1.8732634419441494
1.9490546498393333
1.9208677548822193
1.7528987392368536
1.9675496759631768
1.8326909032530305
1.7747267480013365
1.9074428541507833
1.8331687574521072
1.7907755718243703
1.83974508458314
1.8123663020739686
2.1475054099362376
1.8902498628024649
2.09285263312394
2.0858908634809175
1.8911582746865456
1.9380915396908374
1.8348143762833393
1.974289997647673
1.8572790592052943
2.0018153865514883
1.7731329300945937
1.9716530889860189
1.8957346912276498
1.8132648719511402
1.8577379095316486
1.9713486625966576
1.8476834246589111
1.8283531082444235
1.8450650706168097
1.8486714710928318
2.012487743806443
1.774444045372624
1.866831166915955
1.9157723536234914
1.868496444410836
1.887910571878978
2.027986847221513
1.755449336189727
1.8520151176597393
2.036743955848966
1.9036807318888447
1.7381281393663566
1.941848366729602
1.8755894131974027
1.9989517516040236
1.9447845790206097
2.0185931187302
1.825689437134222
1.8928013205616212
1.7280813716402166
2.1320577550524384
1.892632196570565
1.8706959654306243
1.8762228442458433
2.0001924063622263
2.0247943263466825
1.8517646040628324
1.8541185653185033
1.946857870394782
1.911370129650196
1.9047335587409033
1.9499907011771453
1.8491853629605957
1.7556277685611097
1.8632437050387725
1.8782017388692585
1.9556840791876635
1.8930781317464909
1.886619464849992
1.771339611178606
1.8613216270546706
2.1345283231655037
1.8527394307280411
1.9228553607318706
1.899194372501784
1.876117624601279
1.8769198227063173
1.9322048921965118
2.070325512326184
1.682266492515357
2.0379401457676907
1.8602997788757696
1.911742937201965
1.977948072803297
1.9967071323155001
1.765393845677163
1.8745329860229074
1.9654576284196204
1.7106321522128873
1.9594961198327752
1.9935201837239191
1.7960331587918272
1.886945535339309
1.9599497023225048
1.8543974417484719
1.8096809522218313
1.811289398673385
2.1807260163021818
1.9739807901079138
2.023061635690364
1.9056193244504906
1.9352330378287612
1.9032798366868384
1.9332795393424755
1.9760755088513935
1.902517733768254
1.778810086494326
2.0508589423774235
2.039065283811356
1.8353831835515078
1.8947107129281306
1.9528205053127583
1.7389068421500664
1.7627974744323767
2.0247137485510853
2.093523143093233
2.0487859251837177
1.9543561460808778
1.8461232465629247
1.9479398513957698
1.8496688920967028
1.9210579681619566
1.8058530547287241
1.9093206674144592
1.908466757052137
1.921087129667305
1.8839498979532832
1.8323705351198707
1.816412383184707
1.9371152103401807
1.8358736940049853
1.9781363517216022
1.732855273876221
1.7735535019930402
1.8613353239644375
1.7478482508696698
1.9983322379334387
1.9266133349964993
2.019817550652721
1.954303760858658
2.0859295659904866
2.0384686108195034
1.9192693243425707
1.7559788009803925
2.0533012203254004
1.9619447049559497
1.963763291697339
1.8565063016440946
1.9698718799787698
1.9530470588760165
1.7774170185065523
1.8553800873473107
1.7893700234849497
1.988299009876381
1.9773473352961624
1.8962746036803655
1.9838867370153497
1.929477094688506
1.9346022744411817
1.8825494992854204
1.915912042484697
2.016051520246835
1.8755292901180411
1.9911110255051858
1.8469597424785227
1.8130505369396426
1.8503700166977537
1.9876126084538546
1.8671327308687493
1.8324163180574777
1.745561482162979
1.7904851006557294
1.9404409735543657
1.9345040238615585
1.8473059518783668
1.9032247734778425
1.7961454388512033
1.8453915376053875
1.8583047894025897
1.8354513575246596
1.7292041866150665
1.9454576992752493
1.8616646593805048
1.9923905671650468
1.97913393208242
1.9014079739748235
1.7861691764717509
1.866962266845771
1.8371035300246212
1.825673517443716
1.8230322787261244
2.009908427963674
1.923561319816016
1.883758193464617
1.9275255118944972
1.930180605110051
1.9147491156900207
1.9079780088300442
1.841123308497516
1.7827839084369748
1.9163541032693845
1.9013510112161205
1.7874270437853588
1.948744128426172
1.894861950311402
2.031155989455058
1.7721174092355274
2.076400378380396
1.8115925948938254
1.9966654049160744
2.012656557748699
1.7090874594956325
1.9174039978676243
1.8848655817075914
1.8833240437080647
1.9631165550833025
1.8915665479610895
1.8977728000681153
1.9903054761090428
1.8177157161383821
1.8784530803793944
2.003103991311841
1.7896260663189256
1.8707578664966231
1.8148918765115873
1.8650761597345562
1.8837822092562508
1.7524796805093124
1.856297080753685
1.8581119036522498
2.0828692805260687
1.8385988327708132
1.9808956319497113
1.7930563535686972
1.9014886972768643
1.8341381699237185
1.9863396002540807
1.8723251027744823
1.9849969579899793
1.8421391099568498
1.8862186634780458
1.954867897269775
1.9952979349958053
1.8404605806751435
1.8715174799066916
1.8531541922545494
1.9095196421122687
1.7908394058269814
1.8896361515517164
1.9350755914787678
1.967513156917683
1.9674924572897672
1.8303211412291982
1.9798868854740397
1.92993612084206
1.8826349746020723
1.8052001780854243
1.8628484059895531
1.8227742179823234
1.9456756235904538
1.8647810145453192
1.7387502080726103
1.9041282152642531
2.0140914518826274
1.8466513650690217
2.0786909926213766
1.902629088531832
1.847042188207469
1.950709793344423
1.9044063278857755
2.0795536471128084
1.9080464218723563
2.054156479822638
1.935491001223135
1.9663282046163404
1.8433692464558409
1.7218721204515455
1.8527519602165259
1.8423314596639149
1.8059309081868136
2.0507145223409764
1.7686664537537853
1.7646563862780382
1.902735899392617
1.924870938322838
1.8140229309353302
1.837566284879395
1.7745770267978853
1.6948165789274294
1.6608812201087264
1.9681886329202414
1.9313821310291495
1.9154595492374655
1.99640337842404
1.9974704652652298
1.798383500504423
1.8355377018035548
1.909539072284548
1.9767583785156932
1.9171496110673474
1.7865094012819618
1.8120395673213872
1.9708918144481586
1.9979872521455686
1.8678201720479224
2.0300500542223214
1.9106859834666354
1.857243691795383
1.9662666154015283
1.921537701872922
1.863853579554404
1.9009005038392475
1.950471318527331
1.893788096185661
2.0538612145379895
1.9025134702688284
1.9031236246554508
2.0839549564602415
1.9540589950045166
1.8985087465731818
1.8451330471463556
1.86551498649681
2.048230213368863
1.932484018895167
1.9136469722132792
2.1198219221046593
1.832124512198313
1.819784687452558
1.8575099302982019
1.9881321460093548
1.7973371215643856
1.9929710958908122
1.9795366731339898
1.8662596505611222
1.7355425177385675
1.783448270597107
1.9549047933680848
1.9694751995016844
1.8918095985782155
1.8360266660253757
1.9599803942996787
1.842332867540446
1.9393880572967528
1.9331015636743563
1.7678620293047964
2.1744216787101593
1.8130304074406678
1.8429703971823022
1.9351849347136347
1.8774246551620337
1.900728412998183
1.9051255435315777
1.830224184708795
1.8781567462149549
1.9182541985563495
1.7913934869921921
1.869333177362203
1.821172116322117
1.8723349982110473
1.923953782924508
1.890967924340703
1.900737019484461
1.9482434069569365
1.845518761421065
1.9369249483815065
1.8730294026351588
1.8967954808416982
1.7678841199969761
1.902833556361585
1.8633772488319968
1.975105495078637
1.8177037128943303
1.8698105873307698
1.9167476780004562
1.8959586248163816
1.9112234085195638
1.9573415106127268
1.9139323590185175
1.884530253130023
1.9171929822707998
1.830738311630347
1.739303267908189
1.8267942235420185
1.824389766805
1.8554693551089574
2.046740934457057
1.7721431935808527
1.9216168914561291
1.8831455069572227
2.0660762988766606
2.0920082948300984
1.8300756240232112
1.8401078839947345
1.9327653133468339
1.9524746206117531
1.8925060543033012
1.9022486670272878
1.8437966440367959
1.9333661327433374
1.848210381357886
1.9865634902670792
1.8257080019740586
1.9203481491056384
1.9445879579374323
1.9126050879078151
1.805402977971866
1.8410693052488638
2.055453117879537
1.9173181611343646
1.878319180846138
1.8657816405416732
1.894554542839199
1.737508825206258
2.0787578441422196
1.7612689105088581
1.831606867301616
1.9622801518462305
1.876224033691619
2.043758282384867
1.8178060509122602
1.8673250921547573
1.9053379862559048
1.9238652069863988
1.8228184155083922
2.049883393014508
1.8764248702903745
1.774591162045963
1.9618111790912731
1.9451027533988345
1.8717024445385062
1.7676481921757685
1.8089514306763628
1.866564106637086
1.7989826211349378
1.9305179387250595
1.8731469115771495
1.9651715388248916
1.9154651349263152
1.9787355034070513
1.9615401174549556
1.9412323088539616
1.8846440708771826
1.9230475580409039
1.9599033894240132
1.835374048931624
1.9338795421788655
1.921146896954305
2.08114247197928
1.7441637389322366
2.09121283190969
1.8924131050735762
1.866332959081846
1.8940102659208304
2.0185214415213535
1.90086382620844
1.8397516025903327
1.7786470136705985
2.017933625527067
2.020521565018619
2.0203495791942725
2.074865196252493
1.921253841031442
1.84382515072735
1.9340391733851703
1.9051106748912554
1.9895596296557072
1.8560943288911464
1.8029714387797438
1.9337404230047848
1.8039517486805825
1.776258061038637
1.9694841415460025
1.9367362482129598
2.220106245627207
1.8097642639070273
1.814113690306079
1.9285163893886617
1.803293222100882
2.006623789525479
1.861690644608948
1.961076717323541
1.8941006203189756
2.1299434487824884
1.9760643880760653
1.9602598329511651
1.8038136241192426
1.8522972367535024
1.7981964512492172
2.0454252604720504
1.9117476740794288
1.876292342483316
1.935092813938949
1.887483008776347
1.864898288895174
1.9812527680619716
1.983752940985814
1.8102053736138917
1.7945667643561487
1.9905933652268053
1.9935631390927118
1.9106720737815057
2.0404774751733195
1.9186561310598726
1.9698994463248363
1.9908143012976827
1.8949307323933617
1.926333973195056
1.922799463553889
1.76566294180452
2.028713563919847
1.858541487942802
2.223570220377456
1.9473169696925485
1.747552485330356
1.9307949333159635
1.9355323807509124
1.924936463196724
1.8890134459085866
1.8705460468040043
1.9708697170799985
2.0362736653214033
1.804007874219526
1.8874393545740578
1.7671801319876934
2.003514081660165
2.033504547133646
1.936141127008351
1.964815304582579
1.8382422701567551
1.8582398095492179
1.8333282806303919
1.7251235875394155
1.8188882857540443
1.8455448983708054
1.752673252841192
1.9512097140441553
1.9762526514834462
1.8024050530536682
1.8321634605800967
1.809366801408553
1.8563244202971592
1.9015666282829131
1.8199182525937974
1.8556699961712375
2.0027781527233315
1.9484503492431668
2.007227222662479
1.956986271169709
2.1795552821272555
1.7405712109672595
1.8689020640667706
1.9966287973581067
1.9984518066620944
1.9257387611346448
1.753354404980803
1.722393959110263
1.876873690307074
2.0859397853711172
1.9121190301997677
1.8871767401142305
1.8503171045729923
1.8943502006831558
1.7720122434828525
1.8555696251781906
2.018271647016362
1.8411935934390915
1.9126928299995767
1.8072503985953388
1.8774834750061369
1.803847264288383
1.8580958412712407
1.9297747327010313
2.006393895648578
1.8021587940862471
1.8638821809125359
2.012224974500959
1.7771872842288066
1.9048866610823942
1.8809147369204497
1.9094511210362763
2.1328914349717523
1.886749901996308
1.8761133050618586
1.7365694116734118
1.8006131887776704
1.8576748176033686
1.8148423213850178
1.9081951720201877
1.9050397452804864
1.9658863627086942
1.720911424755951
1.9555123643265173
1.914581045579028
1.9089825525493644
1.8396959728647184
1.9183877489797438
1.9576221379383365
2.0411569353321033
1.8182788947740036
1.8165590491754426
2.06783695782598
1.9055285681792875
1.8683615950806038
1.7328062165870275
1.9737486005501648
1.8778912739768248
1.9712826925369589
1.8732042454375557
1.9235949712096134
1.8232018414370623
2.029850173933691
1.8290532669702537
1.7576966846870978
1.9128522217726214
1.8240336448061651
1.84884928616175
2.0595923961556895
1.917086579329602
1.9028840319274423
1.7762390001606052
1.9135963150026525
1.8504228659621078
1.9523924495907352
1.9938183683059174
1.8421856422960896
1.8950164144676331
1.9017858573942812
2.084440565973122
1.772198794377583
1.945712945629916
1.861668450659329
1.8927088100938363
1.8396316560133152
1.8926912625671077
1.950677922708287
2.009238975218447
1.8949643605064563
1.9593216640723639
2.0222811080108833
1.8084486229763868
1.941610491868274
1.9592330056738374
1.7197438646663394
1.774891290316213
1.8157759250316399
1.8570360831250274
1.9792932352501427
1.8997832937363939
1.8954645090965332
1.7992898993076991
1.8414850448384903
2.057994820077378
1.7556408055886052
1.9496888807268213
1.8695149176164458
1.9536577834782312
2.0383031350527565
1.9711687421047288
1.9326138218755782
1.8089670562988092
1.9104911140623544
1.8874270485102218
1.764361945284488
2.1344696005108696
2.033215355868281
1.8278618753088203
1.7428401903623996
1.9652447563835227
1.8722775953688506
1.763293600597765
1.9705363073974842
1.9737546177155256
1.8001842735197238
1.9442725479671759
1.9861644678590071
2.1176618563998417
1.8032666880474013
1.7923393134637413
1.7571031107572583
1.8584160145732955
2.0544467441926573
1.8447520704771883
1.9353700761671015
1.7751696480965236
1.7009513212189393
1.9676537006946817
2.0363684652260163
1.9895478710059422
1.8059997892846793
1.81275009140014
1.9579294397678992
1.8971403743410504
1.9097185122261098
1.7639132181480457
1.8741247795482896
1.795040940299676
1.779435504270291
2.0520230220502897
1.9918752023907844
1.9815825503669249
1.8119776824309295
1.9567585136566792
1.9882798826130117
1.9541345816693108
1.9109209774974627
1.8045960945298012
1.9275669194992577
1.7810911908428357
1.699553074895516
1.7803656407407902
1.7872734564861732
1.794160464098084
1.7700927825367712
1.9269960564414523
1.8485322658232666
1.715442156215741
1.981993920648464
1.9179071726705186
1.8879891610869168
2.0348931734467905
2.021532127690656
1.8706392172289668
2.071480000584763
2.02619230130704
1.6978781805645269
1.9924678760053123
1.900580557254256
1.7612276007475574
1.879974752756293
1.655422835003774
1.8616088422368666
2.0323021302210806
1.891400152364866
1.947270783977356
1.8702930230958767
1.8270114908610278
1.9992568386871483
1.8908723312486635
1.7603927563106736
1.8124094658504162
1.7884187013709403
1.7693659855769328
1.9557761644141742
1.893586452144954
1.8829819955886864
1.9236879767201354
1.930862238158673
1.9546662718409995
1.9533909072238997
1.9391422527509536
1.8183948178186642
2.0285834733955626
1.9752198364294096
1.8925750646028767
2.0497152423312244
1.8077956234485046
1.8166561801486472
1.8522582802882017
1.9724306990922813
1.6910879370021576
1.8507168374346379
1.8850259658637412
1.940958006470465
1.8850733705149476
2.0702448676725345
1.926430764717237
1.8722832200084965
1.9895205900688198
1.9815470361546743
1.813558227350242
1.9062914025659163
2.057651033658997
2.059707226151204
1.8882900455702496
1.8841019375808281
1.7816165832814592
1.908873698184932
1.9274716749936722
1.7902051428951429
1.8463591588133008
1.8746171308163642
1.9379720936290876
1.9789028960289945
1.8786606740399179
1.7820764067823762
1.9440396949879535
1.976064835534659
1.9862064288981431
1.8291099026034987
1.9519584339904477
1.8137893910380847
1.911608361597825
1.832517724902396
1.8262438439196964
1.8502677625125903
1.885776551112155
1.9632785814152791
1.9231753895546877
1.9197047393934654
1.9429377162084536
1.7892239673621662
1.9413028914333326
1.7683940936963187
1.8130915649037511
1.9864286693742794
1.7576492016200462
1.8823656205350432
2.0563451139221303
1.891565771711755
1.8182290059325639
2.0355735702057545
1.8796670263310422
1.820521415111595
1.712739068202902
1.9630851019008875
1.7748113301213106
2.1872881714138765
2.0425049374817577
1.8566060400142015
2.0275936270466337
1.9032835415391405
1.9075075657318863
1.9866274140104745
1.8673361259590529
1.8387453979675312
1.9695062681504478
1.8915409264175096
1.7100891097770894
1.898928894270937
1.9468817082342948
1.86400429413114
1.9855204897276328
1.801707104022661
1.750725169291562
2.0047969021984815
1.8087437135134958
2.01211140410221
2.0126298636993947
1.9105082931464914
1.9078085001244527
1.925641396589092
2.0621632476979603
1.8127745513381675
1.9336221689539228
1.844682653079949
1.888310685044841
1.7551800465192062
1.9766868606426147
1.9237474510456827
1.906345058440386
1.7135016977230313
1.867787697098196
1.897289383034364
1.8530437097630068
1.780012305729011
1.996228457426645
1.8246971989334149
1.9212486203794055
1.7903167565455718
1.9761064910796098
1.856574721448697
1.883199342130564
1.858136798929344
1.9610229673863215
1.9562089176773407
1.9104203657430665
1.9429396438991593
2.097608377909879
1.9623443185493767
1.8574076184506796
1.7535515042731131
1.7138165986757241
1.8601073564763957
1.9174037364042613
1.983978276529035
1.7555980950280614
1.8009911483435384
1.824491850540066
1.837219533874516
1.9064098645852818
1.7100241805739842
1.925232626384659
1.7929777874948196
2.0348341481597814
1.8002986390785463
1.8391194331983736
1.7881849137798465
1.962158701364539
1.8907991699758748
1.9291093552889087
1.9025261422679531
1.9129779428195433
1.7182768473079668
1.8558909379441137
1.8581502640877532
2.069174316288527
1.907208798120078
1.863389883372516
1.8406993840825472
1.8930101074655765
1.9156065643075495
1.8782593442737348
1.8190045207693315
1.815284631209459
1.8989442961995777
1.9942311028600468
1.8748088390709619
1.7310907174057668
1.9410301591959285
1.6696245217942964
1.9653748347119733
1.9486322853716471
2.138499442092633
1.9178184176082915
1.809812649406893
1.931296034652339
1.711869510191563
1.8181358671100512
1.9198226237070428
1.7516630016937793
1.6572733816583827
1.858990794024207
1.9252542809148285
1.9099699473300031
2.153992898860983
1.8712058366138047
1.9060352121570157
2.117286375438202
2.0393061284449705
1.796177837998451
1.8802077381375322
1.8902352381942185
1.9991569201249566
1.9600756696899506
1.818598520928213
1.8597478631120576
1.9742761556029644
1.9082552670066124
1.8142277289244064
2.0198406704241236
1.97908054821134
1.8826060529748103
1.8962532026000418
1.8180687433354072
1.834229197192884
1.8726632886130667
1.6917814620959486
1.7974044669718303
1.8719113770658975
1.7894004613290306
1.9996152473139677
1.9065299084628256
2.0952294359055026
1.8297184922671323
2.043628189897159
1.8876495584822757
1.906040864752525
1.7844633920785844
2.045502361383099
1.8472646081496198
1.7440340278955777
1.9613948286963179
1.992111828084853
1.976436177790452
1.7788198573588023
1.9836990240263903
1.773509732964836
1.7346509905287808
1.8236567762630422
1.985071136211492
1.925925499647041
1.7981729807097695
2.1747268080712963
1.8600133415366622
1.80917514218625
1.8512249930966291
1.8159050420350171
1.7783401204772362
1.908277040514855
1.9030268620041435
1.8631399030513605
2.0194953568807126
1.9750933398013244
1.9935261824626027
1.852322660160643
1.7655054341727567
1.9365001013398853
1.7853093207991897
2.045727452595415
1.781992826459239
1.866916059834223
1.897444636667366
2.120986396984878
1.7765014497884588
1.886730559996369
1.914040090492987
1.8866911797483004
1.8904683222576915
1.9072472622487209
1.741910047097753
1.926961745287663
2.0323801257230554
1.8446858526425296
1.8283325755101756
1.8008855524415497
1.826929734124798
1.893498966345056
1.8927787750818998
1.8224256540068984
1.9443514617554836
1.696928379218453
1.8910499077463456
1.796787328216561
1.8954084964566393
1.8262928864273897
1.8171308921320344
1.9952268571671674
2.161436383136218
1.8665754876194032
1.9369542124428847
1.8411704807647151
1.9548718462384436
1.9119063994764238
1.8596537769316492
2.1720102947546343
1.7527109579561324
1.8199501464041299
1.8303041774829432
1.822704353384003
2.0353008656538565
1.8617325645104865
1.951171257276909
1.9313289739660011
1.759518524213287
1.8005538879876604
1.923777585013496
1.7790808082951959
1.951010497609896
2.1671492686292466
2.033717843159552
1.9561194187516031
1.9889893997948833
1.8122512964471664
2.0116402597065632
2.013684046616084
1.846087996372683
1.9539260592180707
2.007684502547443
1.8240748943278842
2.101320721530337
1.8422178321475657
1.9711909520432624
1.86853901716953
1.9579616931913175
1.811715629414669
1.9546689167805
1.874751816911856
1.8282635890054264
2.044750889924662
1.8813676006703393
1.8948270264205287
1.8725566102194395
1.8692562491038747
1.9363831562770577
1.856077101873185
1.8836634811269295
1.9154763647315505
1.9864371180865472
1.928652031316946
1.8817629100489233
1.8988938437836942
1.9132369668119118
1.8525615751724627
1.9003549432817706
1.9298644082714496
1.8532921380132403
2.1036880325172533
1.8129168123589534
1.9192885887984514
2.0238929589598023
1.8660583251307703
1.9828809010069703
1.9510165147757166
1.8592643541865226
1.8631777861069574
1.9319986149568322
1.994381959516836
1.8263513600625818
2.0045667944701475
1.8974389110546306
1.8336851154358298
1.7580960382699888
1.887316925864412
1.8550747474253089
2.055424603987497
1.9188356536390063
2.03721380733477
1.8417178205854845
1.8554159744891532
1.9164164921828835
2.115289469469125
1.9896813545101475
1.9038321364509443
1.9128619328814311
2.0663223646440265
1.9317265684161475
2.0392238512395884
1.955885304120045
2.030584028649703
1.9438224786141263
1.8809912630096282
2.057022528719009
1.8353060738679126
1.7738936968611179
1.829860878684438
1.7885303416441611
1.7773457545220386
1.921836757004079
1.949657558773246
1.8176991624865046
1.9081113653305488
1.8929518531242424
1.8641338007841388
1.745842790662922
1.8096413990903377
1.6478079374730985
1.9138052738366311
1.9641941745743174
1.776836473275076
1.8637334570530117
1.9173471531117208
1.7471539721539828
2.055357675705393
1.8561251347342285
1.9581425794390843
1.845916830680009
1.9176145503580608
1.700533400732449
1.8994056259022916
1.771616519505097
2.0567210949709027
1.6799632369710273
1.8016937456968725
1.9533910179255713
1.7252519201697418
1.9359173064757926
1.9579664760521736
1.8226971030870913
1.848557680339754
2.0035122908547303
1.9903165136847425
2.0943743744447563
1.9682592091842785
1.8099257112927887
1.9504811803509996
1.9589289600460105
1.9542230143369679
1.9440123784246524
1.907417624084284
1.8860047868415952
1.9263075464699453
1.9777676053435702
1.7805154930594087
1.8928803068920448
1.9839083174988656
1.9938638554514787
1.8984442334151441
1.8781813827033855
2.0107555047079364
1.9329425104622184
1.7796361624477923
1.8185194792712882
2.0641692461804233
1.9637141247628018
1.8654079192077426
1.8431135956614577
1.8393727197443228
1.9938549978839308
1.9290774574225094
1.7464974711272985
1.878007093288609
1.844290822407628
2.0011995208761126
1.771754665341451
1.802404969024665
1.744821289048761
1.8182644603904048
1.9815750212131216
1.9778037364502807
1.9300182329830518
1.843903788934709
1.932770564992057
1.7702914671779137
1.9259492962252203
1.8707768024189737
1.6333917101629678
1.9914016240130223
1.9649177510949174
2.0422604329414655
1.9543665324057236
1.876702249214186
1.8775224835127562
1.9042473725844842
1.8199806515677268
1.825612649021891
1.8163141222648593
1.970248977161485
1.7748408125516755
1.9743597322951696
1.8421032069313672
1.8473441752709194
1.9992538693878124
1.901316430314259
1.8124405147910385
1.7536974354725199
1.8025299284264285
1.8168389890537573
1.9343094005403494
1.8880337189608971
1.8054115908002364
2.004793201244516
1.855664856476282
2.1599776307718175
1.9186773779712256
1.9466659183207229
1.8679987018724669
1.9058884076554938
1.8001874621444416
1.84792495175518
1.770286651000116
1.754645137063462
1.9240844669956163
1.9282397682988999
2.001149455163216
2.0123540899677104
1.9130691493990093
1.797789709430922
1.9636803761693784
1.8554044168076544
1.9448344710199237
1.8896950973032203
1.9147138705109952
1.9065205181238922
1.8950560270615897
1.9874045579197963
1.6913954513453846
1.9123877766135842
2.014779487424118
1.8112718186800096
1.9132101234333247
1.787759970283105
1.979485333496592
1.9334962866992214
1.7568673115677693
1.8051327249484206
1.8364689775303937
2.068739532986806
1.8450424182290845
1.8631898765019612
1.7994084999017237
1.9352531768766712
1.843048782224063
1.94786230531708
1.7945371519695732
1.7704095546497387
1.8648135894070126
1.7949808697083238
1.8110979606984683
1.88810803853323
1.8494579847688821
1.7151907999822313
1.8308764839463887
1.8622390528423338
1.8631102776283521
1.8107277480479338
2.051201015202988
1.9875454703370035
2.0004921696613716
1.8054745363924927
1.8811897905901869
2.0328408944734835
2.076402374995664
1.929575008947652
1.9414563508481701
2.0673067509545198
1.769884758413172
1.9282049240056345
1.9169577899059422
1.821146297192245
1.8539929487780398
1.9624342378484114
1.909696129573571
1.8659987493752381
1.942252876217284
1.8857007954625802
1.8923492340996275
1.8526048228617722
1.7176601400526585
1.8888116485431565
1.8388886177590582
1.8587420071456076
2.107967077538204
2.002874707924038
1.994556379798981
1.9036039417630937
1.9268243527483995
1.9042177647911676
2.1518989775581265
1.8613398968940582
1.9686202932512546
1.7156130416296325
1.8711952145011683
1.84593431136883
1.8468681526668775
1.9417673537953233
1.9981141973842598
1.8700566651126367
1.7433522535073445
1.7863469579728086
1.8736941645817071
1.9055701938620808
1.8632241124409945
1.800819882781357
1.8300792328897668
1.826743300165119
1.8863667414502259
1.8303747856876345
2.1737580409048207
1.8854248660458768
1.9095519244813535
1.9545706424749345
1.9868527314092033
1.7481719822545225
1.8527192344457049
2.0533929959614095
1.9165910911924486
1.8854227871250355
1.8274396272404345
1.8213102368300438
1.9258994465529462
1.7106420340754072
1.9781376399231334
1.8871729671663993
1.8363968234661587
1.7669640246828924
1.9781068374550614
1.8740339039845542
1.8702929095538905
1.9730867359519548
1.832345407061906
1.9870916660281586
2.020245737844024
1.9406704781496706
1.8302981707848212
1.6688121166709542
1.9165366177472665
2.0654785081644946
1.869978538802678
1.913541553646414
1.919971715112917
1.7423191620086707
1.7367049559312342
1.8421994139302915
1.8468158898746916
1.8972800710874842
1.7581052625514633
1.8869521074874491
1.9982318553377356
2.1118487529300523
1.8459370355521998
1.9706859378771626
1.9321725919367012
1.9966614794891149
1.8671199483456908
1.863136728815986
1.8459029801068423
1.8340007240297884
1.9111044773849208
1.92230974016089
2.0837653186026204
1.9837912122391215
1.8929336095061502
1.841555879785295
2.041984873920353
1.8512646810160633
1.8481154403081037
1.985122174868359
2.1117595330656895
1.8508289087736336
1.7911160155878556
2.082080537951149
1.9791245774854835
1.8455293987064063
1.897437276130215
1.8318619903208226
1.9308018115830206
2.1139368762783413
1.8838037738445514
1.9090796718115206
1.7646195132068172
2.064215013901761
1.908928289395063
1.9767885325536974
2.039218474833728
1.9186275075935186
1.8341402489250735
1.827235704777696
1.814552360334136
1.8605042700115195
1.891626686060117
1.8852780949808357
1.7864107891598453
1.9797758387189583
1.7143708864322091
1.868574252084256
1.8180092218687767
2.0837019783122495
1.8577051393062787
1.8741907657619297
1.7901335785598236
2.139359234687273
2.0128404553549384
1.8825747341263088
1.8479594786812072
1.9157880444407822
1.8196948730504496
1.9344516212198715
1.9489229131601489
2.1331474488202518
1.9438501927933414
1.978121099647203
2.0493702178644244
1.692248391071081
1.9547717555577695
1.9168171377613523
1.9040431482221454
2.107968778591769
1.887384648141558
1.9860953142046274
1.8776524851727494
1.8371960368537987
1.899914279847684
1.9854827347388886
1.9389768532891893
1.8165654262199469
1.7957295605224928
2.053228155295567
1.9470167453249463
1.8847291990567796
1.759239330465529
1.9600348244589991
1.6850656585622812
1.7912152018430596
1.7585013625221528
1.821497927135848
1.9013342361326409
1.9113956766732263
2.005488489622676
2.0106585876949437
1.932822180952678
1.9058860311036172
1.9310334163200418
1.7365741156066001
1.8891688138974425
1.7558332187771553
1.8641009373337254
1.8417310341165802
1.8501546976725778
1.8375114513679103
1.9188321319628632
1.7214849216143353
1.7192836806813585
1.8605667813553135
2.0127943078913444
1.7931890741397765
2.0129821523222913
2.0111689863865405
1.958850454421863
1.9025918816972822
1.8715577182248546
1.846265581236246
2.0241692239495883
1.8931731129676181
1.8159293616932561
2.0403426347531037
1.785705833882202
1.982314702661523
1.8313502304967633
1.8435124833018661
1.841916913805862
1.9690564502547347
1.685766164535831
1.908261881267324
1.8232621882932143
1.8715031426233084
1.7927027611941817
1.714878460246026
1.9464577395512652
1.8529361248107425
1.9972391314693096
2.027732935296638
1.6966234243445852
1.8192086425842966
1.7871837204771095
1.7807002519692376
2.0279558529998947
2.0086765205480934
1.7999682407264297
1.9535109279639256
1.814781190213697
1.7922782019571997
1.8052385122187469
1.9956078713991012
1.9211082518711458
1.791229098390078
1.7986654882253363
1.7163299377996688
1.9995361763148303
1.8750857859635996
1.9086206927505895
1.926024227680939
1.9811390497936479
2.0325017120298763
1.774135012002347
1.877568829184317
1.85412788753369
1.9858916305683958
1.7832300055516042
1.8744499130622045
1.9186432033437029
1.881800709720706
1.903275237608204
1.8478116568000231
1.9528213641649794
2.0502208808255213
1.943793225100024
1.8507926889387016
2.0149340649386063
1.7785203075642417
1.7848649509262742
1.9296564898998834
1.8547257094733653
1.9657060417931311
1.954510804123343
1.9580403180309496
1.9232709522492495
1.7554974258334985
1.9030142906399596
1.9252086989558568
1.8829845648581696
1.8411114439924634
2.0026267542373977
2.0191288813872386
1.930205559024771
2.0308642497836273
1.825538116645639
1.9051635043961164
1.9200678667521365
1.8230817925682574
1.819117246311969
2.043725682936357
1.9606140100861453
1.9452710156774504
1.90818399626385
1.9483484749478406
1.9114608286058525
2.0974740175729103
2.0047156833755566
1.742673653544678
1.7132431461591087
1.9024202154402055
1.7745529191611262
1.8665245314554102
1.8086387506729518
2.1052004340601327
1.8912989382880008
1.793851863805079
1.9419094195925428
1.814089767055397
