1.9270049175702346
1.8274994547294527
1.5822973730681087
1.858056127556559
1.3053696781415853
1.3101085790391942
1.3825143020237856
1.8572467007487314
1.3423835365980996
1.8856409995586407
1.8717558332452906
1.3504598289310688
1.4126398851749689
1.4039066749348206
1.4068515026770452
1.4116930570418598
1.3462428589707038
1.3529089104388097
1.8899281423762082
1.3664820114549456
1.8470710920615971
1.843684554870433
1.8727552093741178
1.8632748986299161
1.8110342180875554
1.3935022376670259
1.2934454133731554
1.7172291476413266
1.3221470253149528
1.3313100195654561
1.4412310120444702
1.8591045913835487
1.8191112578514783
1.5111231469594777
1.8052606131933313
1.3950540293400235
1.8508744443702445
1.8024628333953225
1.6910862578868089
1.6921267584746775
1.6830885641437576
1.7378202226621091
1.7321993077186995
1.5940223445920352
1.6468149077326055
1.7108189137199785
1.440460072783841
1.7906627166784839
1.8095551280288957
1.4978281276786707
1.8431478837787845
1.8211165123512907
1.7991973398301693
1.4149904524014836
1.7675718563276352
1.8233622447796747
1.7054933060913302
1.652104156521798
1.2374166231294093
1.7225393214391902
2.0115923163628366
1.845914399015561
1.6845680131182732
1.7274774776512245
2.5019835137054764
2.486907360108617
2.4903725357223334
1.92879971572357
2.2828289538622806
2.2653479015714804
1.7781416184221248
1.6496434121434391
1.710944240765808
1.7666376501379608
2.222790768583485
2.0763478963975084
1.7647867706751375
1.600972726323422
1.635769841539172
1.742667330497739
1.7871201917086172
1.7133266472446154
1.8224464052704614
1.8785424680144855
1.827859912907372
1.9150738471207616
1.8966155082501668
1.8466292003237288
1.85600230073966
1.892061739306994
1.8495367952314838
1.8752325878068368
1.8856787164516677
1.8422694101318058
1.854461696621742
1.3894805908385333
1.39867788209793
1.3840886051285086
1.4344791969235928
1.4261593836225173
1.3319376113112922
1.351306684752827
1.8928454258919152
1.4070174590234872
1.3495449264730508
1.3699546814040995
1.3914972841679607
1.3873597533670345
1.3439292663216504
1.2979465623213968
1.4363324480135322
1.4101085056859193
1.7996708733884297
1.4543377966720803
1.8460838892153046
1.791981059813719
1.8192511265251863
1.9237538803518714
1.7965269682017107
1.8166471844927148
1.69117414199877
1.7649837400246629
1.7537616406322105
1.7908101304607442
1.7488438775586665
1.7529086764116637
1.821871253346599
1.747766880762446
1.7367769467683216
1.763393010064843
1.7492641857748625
1.626175438502677
1.478095624150072
1.7854572461162346
1.7907540636018222
1.792181180807366
1.7601276976791072
1.8277963667257555
1.8143611782357474
2.0338127462907156
1.7729815629113659
1.7397032530537353
2.170712215691278
2.0707453205501967
1.8427350313412716
1.8946908351236755
1.7762552091635688
1.9733409476873902
1.9808846512495804
1.8926094038331027
1.8984241523718481
1.9152295186488473
1.8812422139836213
2.071059118166993
2.033044948001937
1.8819796687738566
1.7831337941960983
1.991262106580323
2.7066031217716997
2.240961225571332
1.878609953018452
2.338141863838965
1.9705660447176714
1.9772280933058337
2.5176730764263833
1.7192776813506736
2.487661931203413
2.544976886637497
2.6064597845551143
1.9821034470142935
2.405625400049406
2.615562794986893
2.0264879119368917
1.8992015514655527
2.298238010587125
2.565930345887441
1.7818508165132876
2.2823474928287144
1.704730352265361
1.5555864731914124
1.6663167146940778
1.5866805492500133
1.7082530206426048
1.7931552947434566
1.7132823231934033
1.7460736620136328
1.7317789719128922
1.8306829121239252
1.8904047364003047
1.8725976823072503
1.8711561080516301
1.8841606134985118
1.3444518624634487
1.9257747342373435
1.8434011662180703
1.8748075342174741
1.8733831075585952
1.966884974201292
1.7242099649421945
1.8747555633650976
1.9319047370040334
1.8950186178242279
1.8841406744952363
1.9418287004264845
1.7849552083993856
1.9153051820051354
1.9214231000178732
1.9130744034773435
1.8731509690651633
1.8600097753029068
1.8482511673917912
1.8426690740130462
1.8440626581671962
1.7067211422100566
1.7328034611136556
1.7166454056775478
1.7296104148432192
1.70035337646519
1.3003438910258962
1.2654675859826907
1.6774252840521495
1.8008666949389118
1.8268897986231953
1.8251631558091708
1.7803344245530461
2.1392256787170645
1.792491273893967
1.7741389623246495
1.816204854395523
2.059952895253045
1.568316422878293
1.8758531811344505
1.595015024642535
1.8343325048656427
1.8241799141861557
1.8734732023816085
1.7969219947539403
1.82111007798879
1.8256217846341003
1.7957870233861029
1.8476851574660662
1.8163096597494033
1.812681809507119
1.9074914139825048
2.0214643127755174
2.3925341345574287
1.79873374574088
2.217498734726704
2.0269326041174844
1.7698893054053235
2.585672060127926
2.2832356382322243
1.904770245649813
2.14044643026205
2.104973653681093
1.7952731524299281
2.484354353462858
2.3538085430609725
1.7822220318273394
2.0712013567726846
2.3643631332700417
2.5769612858655253
2.5674855142808224
2.5277330299908503
2.5038235136986002
2.422279013261
2.4782533735719627
2.4862469502108144
1.5543394971299231
2.5017840509752007
2.5949270198284875
1.6353394369118255
2.487728395527352
2.5144244870337893
2.5626107993624605
2.4809256386316734
1.8576521987432055
1.673000657013701
2.0960296853075446
2.0864138902458382
2.0692909630859138
1.7169503363402963
1.9222575284536805
1.7562477241359031
1.9011449546180528
1.899395962789643
1.8774172211411089
1.8839083896089557
2.023154758386118
1.8559429395210063
1.842357227862674
1.8906425320874143
1.8054777335041576
2.0281386371518573
1.7676956493222578
1.9080644488834346
1.9838417632035719
1.9104086364634232
1.931011507305472
1.9083155462653032
1.853686604893532
1.7336281258059967
1.9240839737205193
1.881955163568805
1.78725759778523
1.777479078635857
1.9384191772680404
1.9598523348954289
1.88080211017415
1.8933783209149917
1.8743589534828586
1.8328913808922171
1.9664949167843444
2.0230545091831527
1.9021361640782024
1.9837042494905208
2.081072750197954
1.9454663582910112
2.1836609339910757
2.3810903815498294
1.6370569981018193
1.8503915224631104
2.118223796909121
1.9039120426853504
1.812346063330383
1.8375467963449417
1.4974045502949591
1.8348744274097606
1.524733336572634
1.6608546707436167
1.8486062597797923
1.860195187894712
1.396834401562423
1.84251923391326
1.8603608890703822
1.8232875655508218
1.8641655836378377
1.8595272512241747
1.8616484507612139
1.6595641777499672
1.9241584950732957
1.8428464017040849
2.0409444119204236
1.8744350697199443
1.8877891422106574
1.87155554004546
1.802599811390357
1.866177656222131
1.9070365440806158
2.0890185315180894
2.333476500363934
2.293976453109954
2.280225182409801
2.4245804358619885
2.2690627939822825
2.355491079317452
2.5585179710013852
2.655672748408009
2.3357278293243424
2.3465066746030745
1.9120710834055847
2.8224135995106305
1.9273332944628465
1.8486456165813738
2.242723948914391
1.7602234912120982
1.9903441057565212
1.8553220462010764
1.8779294669212463
1.904499582992157
1.8408835570806446
1.8963491416649327
1.8795370917651597
1.9088637334787082
1.921563872843011
1.8947032380569961
1.915322560277314
1.8816416769449873
1.8997539737872977
1.912634942968701
1.8632956905075952
1.8855083832090462
1.3643371532762656
1.3885892002610023
1.8816849047204598
1.4355054467246884
1.332543056347404
1.4370919874941264
1.4193862541502877
1.2158247379245388
1.2664005294268361
1.8472108838565278
1.9096151003982247
1.3989265698031081
1.3604078260638088
1.3228660183984755
1.3581660656808672
1.361506138526819
1.3091146798564677
1.3660001108530164
1.3679386207016662
1.3570172009649775
1.3185291132999117
1.3364498821378337
1.356373824511454
1.8794844065645342
1.3681623463162336
1.25597183243255
1.762138631293576
1.3844582855515035
1.2443163142865166
1.3764731496365818
1.7399458211742274
1.389169698495512
1.6789317266837938
1.7292259801575907
1.8017120687267407
1.706483109815381
1.7071526739325895
1.7415954371085447
1.761605485586489
1.6135442809745268
1.8301663441383036
1.7682357313943602
1.63211871901679
1.7179080374239848
1.7137193882244075
1.6998344077985366
1.7541863036708083
1.6876289141203378
1.4201072475043324
1.6527484068856457
1.741657155654536
1.7142778688865166
1.7432164131869592
1.6889202454498293
1.7213907296475843
1.7253885082968656
1.365365236342886
1.8039559486243961
1.960575401705162
1.7403024693871223
1.3424631377061196
1.6826150302304872
1.7429656295938394
1.7081068391824727
1.7250790767648192
1.7026124252301535
1.511130677823101
1.692736726176648
2.4032354056336502
2.2684923540962574
2.231698703818012
2.325248087409218
2.3167808251603734
2.310948249441609
2.1196170422292218
2.3890883405685774
2.489327336990418
2.2412619576862984
2.306024232223485
1.8338392523862792
1.6634644652264552
1.644801919654309
1.6562168481417572
1.7591957931341775
1.7501691790361242
1.805478045995745
1.7515771557180935
1.792803787264091
1.5639353147910062
1.7150385920917646
1.806845136715561
1.3743998346473834
1.438173845028735
1.3136415109271327
1.279074632577471
1.2902129279083259
1.357496292041039
1.2271109086658885
1.1517269769757368
1.211397443572338
1.2994462880581816
1.3691905236700719
1.2050924659271494
1.4279165484838217
1.4468523323501357
1.3609608269919045
1.3184229210878113
1.2890874909767274
1.321124551360441
1.3416232383968278
1.3657632052431556
1.354766833509146
1.353809030936952
1.350165994014132
1.3305357409536973
1.3342301616469725
1.3593034251375007
1.3913707992824575
1.4049112724141057
1.861292954839852
1.8282876955403478
1.3978012773356154
1.3392622469516071
1.8071285811823992
1.8029281533441106
1.8182524982297836
1.8288476718642577
1.6802464580924539
1.3672322038546718
1.3821401655007928
1.8599613410756617
1.8220117633534727
1.8440500604982846
1.8213982152091528
1.8309819626405217
1.418548003249362
1.8615819361966073
1.864193387328764
1.835807793935102
1.7323762075711582
1.7368879436471698
1.8507862881946944
1.8621633547823602
1.9973556518436115
1.877376167685279
2.0822803461920834
1.873068620674449
1.9032392282979926
1.9453838452125791
1.8650069912347744
1.8606397267818684
1.9320390783073456
1.8584228633827649
1.958679066852951
1.8976991754336852
1.5838708992097372
1.9281032454475333
1.8750238932814836
2.333050836575728
2.3376657988273006
1.8505417717180013
2.5386864341559234
2.4519763316183507
2.4025638583640543
1.8670291201102058
1.9091455501187857
1.8789295979257572
2.4382478686568305
1.8051692536486803
1.9072400137153458
2.44366068714745
1.5174914230607004
1.8561187733296804
2.6580940087696794
2.350917254951806
2.7144035064877414
2.7432015958775087
2.051973009303965
1.8420539868455068
1.848532918182038
1.8794862766955243
1.9027025142998168
1.9015913106755324
1.8696637434514707
1.8698839865681003
1.316273028139876
1.545226461261551
1.337957282276752
1.3416983672684484
1.3285838513255614
1.3952614231077392
1.3925862192627474
1.4648030250237443
1.8328721050416499
1.7905859392019956
1.3316832021713643
1.3236978546448233
1.2765217418804207
1.4395722380684246
1.3456436713707944
1.3179283353149296
1.302601173823896
1.3604407993500491
1.3595065660794354
1.3188819600594537
1.3193772268061337
1.3109568044387607
1.2958419991383914
1.2856869521637493
1.283470440257156
1.8822720197373637
1.5166016242922373
1.3130286598223393
1.3264439934358971
1.906240181643872
1.3585307857110847
1.4186769863790005
1.413096724081581
1.465068684221667
1.8579282167817355
1.3823411122379607
1.37359713285385
1.3683569045487753
1.829804196245537
1.8361415266580596
1.8662939108841774
1.9169757178587707
1.8421439924386094
1.8239068555945055
1.816911457918249
1.7920834552958587
1.8590395991598239
1.8400573374319238
1.9244577182323075
1.3469527038003852
1.8399715617399317
1.3337664735195
1.860755760313012
1.8590275548452968
1.8703208647169716
1.7412222331151697
1.3060687752638025
1.8691092450158437
1.8520635469179711
1.7500587429199643
1.746447656545646
1.978576827208966
2.0278580371218804
1.8339230945204363
1.9168400598841144
1.851241892018022
1.8712845061882573
1.8879816279323742
1.8879942295964338
1.8075875543669175
1.8759086369397275
1.9053426371201145
1.9156459091398217
2.0612971727654714
2.234489637870787
2.144518907709511
2.2924251260142734
1.7402693978695707
1.5907325248471054
2.3811098729320395
2.3496421530768448
1.7830316223426235
1.781855231985844
2.3916065957733483
2.4909855421220715
2.3481588258997967
1.9023982080541348
1.8835313167518242
1.879323250876032
1.910218677890557
1.9389106518800503
1.9151674003192032
1.498609927998901
1.953965251741919
1.4732757022061025
1.3858614567863836
1.9045633203242496
1.8809565184223156
1.3690470438453537
1.842567125828409
1.363680115921801
1.384509687237836
1.4244689674892093
1.9211471686459844
1.3517757157711432
1.4095075191525581
1.3966963601456115
1.4226429881273046
1.3743239689082267
1.4033706653441447
1.3561256582489785
1.2976761051399301
1.2009125125366962
1.2986435287885196
1.3435430671845214
1.382163977559766
1.328206399824994
1.4163667143823084
1.3748405154363412
1.8826635625748398
1.3675704074152406
1.8353291626483377
1.3825221097930507
1.4017850787260915
1.8802298338985086
1.8173423691257444
1.3310086485474093
1.301891790582402
1.7544224741758636
1.7895234380148386
1.763944176084416
1.8516784462893727
1.8784433083877956
1.8869007144643486
1.8134873867933434
1.8953050032405354
1.8992749059664895
1.8736907247470282
1.4554685667497145
1.7140713634042557
1.8798855948833848
1.8719713231301047
1.8478657255722428
1.8694668877391825
1.8943621256380359
1.8803787513831023
1.2899459534551443
1.8628000412674959
1.8019943190806584
1.9001250459242103
1.4738371843622937
1.8702744012543158
1.900961380897626
1.3445037691879917
1.347957933467653
1.9290390851503747
2.0454372073087166
1.874417929609399
1.810916441564543
1.8575857909609539
1.9326724947274954
1.8917997388861139
2.251404644029919
2.1752472703004737
1.7970260824411797
2.486698168729004
2.4985013576929767
2.0290828972049577
1.9231270177930868
1.4035186487513527
1.6449137151883224
2.4732061481567604
2.4849525852487893
2.4720296657950676
2.1027107330895056
2.294144575426818
1.543976410374698
2.505596175536662
2.448070387008182
2.3329172342371347
1.6180850399086375
2.4925586663692165
2.5286181784161457
2.069531120704666
1.9201528476019947
1.9177346866569227
1.8948187911277108
1.884437776945415
1.7459345001176434
1.7912652380373415
1.92328102216865
1.9024568648005828
1.3516535749700536
1.8970445647761167
1.8980078190602545
1.9043540923484679
1.8703112504492598
1.3468525885809237
1.3568374458227122
1.3443941997663515
1.3437158789903223
1.3378686121414562
1.2679157234259857
1.4930517554363016
1.2062446541190421
1.4610533910389167
1.1845911973902543
1.1581594922810723
1.4271160799830656
1.6477988465098083
1.5901104938360695
1.1877789233380638
1.7138933121338964
1.1576980038044928
1.1750037917745606
1.407206382480915
1.7071581185746563
1.5917208547259294
1.6513537037205235
1.2133951675156094
1.665064499423165
1.4628491513068573
1.5676997814235374
1.5463911981510263
1.5932548549069794
1.5716310462413177
1.542723788469071
1.5640898790919684
1.533863035914345
1.760679591089385
1.750313498850307
1.8310786277360511
1.7551131425176527
1.8077291927010266
1.6731582071249977
1.7169674413775444
1.7279012460401668
1.7308838773732225
1.7935810314454497
1.9451735430492811
1.7891095645356447
1.7722628451011508
1.7587733378653294
1.4247642247773042
2.0067720040338117
1.8850409681449027
1.7830325967813636
2.37418280344434
2.2659136987750736
2.127165043431318
2.204416195434402
1.9360809213323757
2.064571697882701
1.9385162550767736
2.280876972474638
2.1568029472338663
1.8626878662548905
2.43758754630317
1.607573544509387
2.4434890839494146
1.693988348507603
2.4756468271623393
2.5502701467370903
1.7208749741185956
2.220523582391728
2.5669347808221055
2.5364123549140736
2.6148505114096925
2.6149058637898257
2.5973216157888226
2.5660530015016176
2.544868176287876
2.54944300661006
2.4817029106105064
1.6689087863243903
2.5447253945879873
2.538001498443506
2.4883690225902066
2.487271549475556
2.4549246388134014
2.4509580174188152
2.4360488635106505
1.741441596932554
1.9562966676306188
2.0113832458657814
1.7859431330173645
1.7947333640008745
1.8442026902618498
1.8568352892564883
1.9503778714001347
2.0349757366273167
2.024633658538645
1.8679587791351246
1.8444433895037007
1.8028855332272555
1.8552644446505986
1.840769238901682
1.8698568777630993
1.8332245694163403
1.8029599166369836
1.9573541448475997
1.942071762507631
1.861219262103568
1.3508201455038287
1.728671968016652
1.8669420345082368
1.8794131376065315
1.861637425908867
1.9458381217709604
1.7387369432899293
1.8791865878573037
1.8882067633005382
1.859358605231851
1.853385528285608
1.8734755528500855
1.8795509726616408
1.8369539083367998
1.8727707053300315
1.8577082627907904
1.8744618529590307
1.8784666458277204
1.8953117366910768
1.8460177023894215
1.8787506682349764
1.8584003653669132
1.8306864216986745
1.7202242077848984
1.7511311803019767
1.7736236475378622
1.8034602627835026
1.7916916660210433
1.791868267991672
1.85699441574297
1.7212782722781657
2.0235374946934037
1.9020313697667284
2.0489803971256073
2.113987139303006
1.8556371424320304
2.241232453711797
2.1910455972156897
2.1089653654923786
2.2624684421763446
2.2074008651881445
2.1489065819209405
2.2842562727195235
1.6346125296002607
2.3438971142032083
2.392644555633722
2.0568676233440053
2.0273426922949587
1.6002362056518082
1.7598997733841335
1.8554295458767212
1.8385299147873961
2.320375014122184
2.3227531391780976
2.3552339527028043
2.3788823079211325
2.3211511453483458
2.3353939253470206
2.3055105504404954
1.6574020668060812
2.3878182742118335
2.3675200866401864
2.3969639318350024
2.3581580837854084
2.362676870973769
2.314022661107953
2.369912360414743
1.5070332661223105
2.420683206367443
2.3253842479755695
2.3356754915708247
2.3299040454095543
2.232449702499196
2.3536215992388962
2.3697124285599864
2.1486358199059707
2.1335807609461206
2.2036275853235336
1.7940163437656933
1.7578143452681254
1.8486763607370131
1.9689374075677144
2.1053329855019793
1.8329252613021578
2.1392532923747543
1.9846333351172363
1.9310306335479286
2.013298745521394
1.996571594759289
1.9819666751021303
1.8732209830214726
1.911883886712119
1.9722463732130222
1.9094797632556797
1.88966503897656
1.9141166024332512
1.8993888758674744
1.8865943258378308
1.8633990731607273
1.91028064123897
1.8844891336462697
1.8787846446789882
1.9162748173393034
1.9024386961849693
1.9181543887652475
1.946762818276443
1.8768177488051856
1.8940032748372018
1.9086298997892313
1.889279161116013
1.9103451763404022
1.9226941502112374
1.9051393055889145
1.9111206227300617
1.8970202809423293
1.8958400645000508
1.9044444091529036
1.8778529382483897
1.9055693962958653
1.9129320589678227
1.8453780869730232
1.8855039356251366
1.9105154865227825
1.812915820402561
1.9492180267962442
1.7819696281454895
1.5448236104766664
1.6814210973664068
1.8746089853337993
1.8948064252097498
1.8928828531866593
1.8996280672649342
1.928355225291548
1.9010487959645606
1.867954099794288
1.9081476701575817
1.910262219768476
1.9151664548057001
1.893423063237098
1.9625815729811642
1.9059123839437881
1.925653555096121
1.8903160488775546
2.0358323302399475
2.1793798759525562
2.125444891158601
1.9988867081001143
1.945385902387663
1.9308777126076635
2.1342502156764547
2.236345010949169
2.25319530709959
1.925063488120643
2.015772634027189
1.9256558961677541
1.7738106314916668
2.341947793892308
2.195969974743269
1.9322935981264964
1.9335508195365851
1.9171390129539099
2.4719227483134576
1.7949560938278128
2.5649369575950445
2.515700514632708
2.536935010970725
2.6114531877407154
2.224096092569171
1.9926437892560218
1.8940925820143517
1.9220324935208966
1.9248763421002721
1.9199169655532786
1.8947880425821733
1.864464685749791
1.8795603674162455
1.9088952789655969
1.9682926968713117
1.9044700563838717
1.8840129973690123
1.899197413157472
1.8781735829292696
1.8747694831147057
1.7858610366500265
1.749152168061744
1.7475108564947588
1.7754336492634977
1.7661157187084893
1.8614881147954825
1.8305272762656766
1.844237045385177
1.847963603864735
1.8835892994938008
1.8875628114073075
1.9055547344068722
1.8538107560274288
1.8970825999408092
1.917360546345116
1.9006451740714874
1.89612287270004
1.8866643137680954
1.8887821674334744
1.8825348631994547
1.8469550290370986
1.840091185149357
1.8410837973784693
1.8029194008210585
1.7093962463093533
1.7534888965163877
1.751413983041486
1.7438473204381952
1.766905436662195
1.711740544088125
1.735768086312731
1.7382800808437013
1.7397757540590628
1.7495685995211212
1.7160242261128522
1.7032482801631474
1.6679906405936151
1.654948468838967
1.8831611760262879
1.846754339642968
1.8182958395714872
1.699533824704206
1.9563809798165581
1.8612490015308987
1.820348729899432
1.6466448026227567
1.780042816344776
1.8079654665076386
1.894269011545357
1.7203225554064854
1.7060588626464954
1.9595095940329843
1.8892749823959498
2.0439669697912195
2.0704314379353983
2.047068116164324
2.205880605031141
2.289596121708894
2.2966739747172795
2.1550121161804237
2.1685618976458976
1.6091256215386276
2.202052701318725
2.208833728589179
2.2918496128258443
2.3142034954282105
1.518717392568377
2.33177545419395
2.5296884054276503
2.5746977975553405
2.619682788616424
2.5832459757181976
1.5307282919690235
1.531111190093769
2.6415257497279665
1.49303875714293
2.648516133667407
2.6719541174466848
1.5527576812168784
1.6376363726486542
2.441733005755745
2.1296849682751
1.9410070269292685
1.8389026017705605
1.7997013177980357
1.7498001079699161
1.7347764255320934
1.9135991043668297
1.877590071038928
1.8954553593643324
1.8659832350730237
1.8716592471491678
1.8902367400553597
1.9166593033897428
1.909389020950557
1.8789849044054452
1.3919850221343804
1.2893335512942845
1.8405174160677853
1.8513315729430546
1.830872493812709
1.8314287076798708
1.3741728836080045
1.890969875998763
1.363609097725751
1.8154298543595335
1.7669809067938427
1.3248548943452203
1.3291447432865822
1.3215401990173103
1.3328568502305689
1.7521775047796937
1.3032821658253435
1.7928476829269915
1.3904064951571231
1.4272565966432114
1.4617217056918577
1.6850170045375115
1.827717145492873
1.7794273372808957
1.8005823627136723
1.7918643868108364
1.8435689740423058
1.734912512133632
1.8295773720832091
1.8765612225638502
1.89759267633819
1.8257511369338455
1.6841589129352608
1.7402099855747406
1.6565633829394109
1.6517871945358684
1.6331395140823184
1.7816129719939546
1.7237380639267545
1.6749335243923609
1.6992477681539255
1.7083019031182303
1.6658876552412434
1.6886510597794289
1.6883311394653386
1.6509389424915366
1.741409947104238
1.6763313873761736
1.9410760165350767
2.070167175617415
1.894517793709485
2.034225350368481
2.032389191098559
2.1588542770628805
2.4055559814183876
1.6907241359336218
2.3907366206343212
2.4052090033600684
2.427857852428597
2.4448089173878675
2.416295410230808
2.457664714993957
2.372271009450171
2.2550423356196774
2.3675503950632
2.319639170779855
1.5039673752396556
1.8661014203309279
2.571135001380967
2.6352686547889768
2.569401088210632
2.5248997684462706
1.7131046046437965
2.5317486181387436
2.486676440380063
2.4694603065898404
2.6704810849879537
2.6974806686941943
2.553338844057314
2.5936544099800387
2.6478562554353395
2.2704732569228345
2.111758005570521
2.0928087397216166
1.8643708280369984
1.8569628775741007
1.9047530009726685
1.911109572638662
1.8955990329318464
1.8665864393958826
1.886945494757385
1.8676024700135416
1.8474750671701055
1.8291493103120955
1.807147246634777
1.8503496047666619
1.880359198230915
1.8756996161787682
1.8587431118861686
1.883776268689156
1.8963458528212782
1.876491781260106
1.8785464033744637
1.9102374079829207
1.9125544809206994
1.8745620843156912
1.8950187374983283
1.9125930512137723
1.9051427141051103
1.8962697168442382
1.896219540035265
1.7532893252506474
1.8981593655184055
1.8420408480425317
1.828557611612555
1.867521999985888
1.312776095452168
1.8380374358171305
1.858252080340201
1.8437300010888324
1.6255340760370471
1.8337857030491718
1.844950069342335
1.8254757142264004
1.8367388752353373
1.6447934307765448
1.4425268681225585
1.2778166046855928
1.841809188847412
1.7401601264942939
1.7467414330075712
1.372365163048625
1.7961869249584295
1.8290253498517846
1.8667852184647244
1.462860740062785
1.2849702120283812
1.761077884297082
1.4320575337647525
1.829252270379191
1.9467373313616843
1.7656457434133914
1.7551906650883353
2.1577386175648656
1.927421967591567
2.0601330072918578
2.448253887430006
2.3532629103426888
2.4601208782418396
2.2258277282332184
1.556984275415543
1.8085190766879116
1.7267263399378556
1.4021116505774904
2.284006172338702
2.159137228459467
2.0897897933908327
2.0365910209371814
1.7998985395071232
2.280806312364226
2.4147940353176645
2.605472897219346
2.7248475747979883
2.371439683456801
2.5527066546448762
1.6825845068251617
2.7854258039332134
1.8035645642948628
2.5603059897410994
1.6263079164671148
2.7877604920706553
2.686289867709894
2.699106165688609
2.6726129072204468
1.3298067649988465
2.5959601053600694
2.401220249286397
1.92160420286647
2.307320322095834
2.1380021715809185
1.9199706304440782
1.9146459679417058
1.8954313745275781
1.842241228376331
1.841716526420243
1.630699621948198
1.9346011265887253
1.900208969127361
1.9157223224254998
1.8728852822507833
1.8430857904009013
1.8628617801470337
1.8705745921877832
1.8406458143078415
1.8541969898758888
1.8457336633112802
1.874596570657068
1.8682005638426717
1.887092050880665
1.8538524076503293
1.8816473515505763
1.878889844761951
1.8942678299580449
1.8917184420634598
1.8644364566400582
1.8778116893049455
1.2662299348724169
1.8204589347519147
1.6697915555682212
1.8588484490790236
1.4011904071008972
1.8173150880419626
1.7035324342413047
1.6961050150772057
1.4964438629636527
1.7538159380819058
1.8687574315851176
1.8814008385430776
1.8756041378396924
1.7774373930920517
1.8630367399617156
1.8970449880140392
1.9042193115904549
1.9061314283897195
1.8941502287188967
2.0170844048191516
1.898682269979355
2.0035476118445605
2.0757673286481273
1.7489876343393214
2.1429838832396166
2.104922682352202
2.0207026825969217
1.8514249478241742
1.958296883142615
1.956380957762964
2.1537732149249122
2.0868541721093
2.2315382941342587
2.078144384627712
2.1521428855788156
2.1643959325096627
2.1711094168890264
2.1714808969828745
2.181940106964824
1.9930609186609731
2.0456041528535014
2.070452777073539
2.0934772532882784
2.2190982952348217
2.2725807488716767
2.345237291749645
2.234889511156485
2.2525232527986914
2.257190405715735
2.4269017415089253
2.365188833708702
2.369313156958884
2.375227588062641
2.3688594065933004
2.4091384704463983
2.3009516530573717
2.413716897376998
2.4371436062158454
2.352921845655608
2.3324135472082106
2.375998924956513
2.449445660715897
2.447087314971787
2.394114880962912
2.432679277838005
2.433527464807818
2.476170495190865
2.5117735050658245
1.64021096146446
2.3576679618598795
2.1825529803416406
1.9159660815250315
1.8926258439932477
1.9039910763304715
1.9318433731801146
1.918791446433541
1.9032753225512895
1.8889956901695228
1.860804316887941
1.8923879428973782
1.8980357973282063
1.8742804487416276
1.8846834604095875
1.8920617907569257
1.8744732724521163
1.895027535398855
1.8778167828336734
1.8591961667929837
1.8839099970825643
1.8961271309638346
1.900744326125485
1.9156032984787388
1.8952496203412428
1.8876108853939102
1.900490203742587
1.897118756685185
1.896063189504016
1.8728605357344075
1.8865326252290555
1.8974387441057614
1.9099207205362936
1.8887460994421847
1.8964745776455967
1.8803237983534362
1.8245950725679843
1.863418153037037
1.8792431506289051
1.8062384821091941
1.8256930246270031
1.852041124455647
1.876124736205459
1.866757583493276
1.875509997633246
1.8808621132788557
1.898685765986082
1.9201441891581892
1.867672612789082
1.7967460077374464
1.988635062550643
1.6288320094001123
1.8354813983644471
1.9743181932801865
1.8445379388497989
2.1091524184382866
2.13497089223832
2.032453840609762
2.1887917078161134
1.9931315243591243
1.9105613541538953
1.844329355735426
2.2239047145131194
2.134517790356537
1.7770172055517734
2.0925098287206856
2.1935134936079947
2.006797928394501
1.9363404375822528
2.0675463200280975
1.9956443341259331
2.003746544917684
2.138839673999592
2.2692350450302663
2.3413390185726746
2.332550827111807
1.7147778159670728
2.374051829930062
2.3370737100266314
2.314798584884711
2.455556005841967
2.445250548556333
2.4896921724492485
2.4473865415373752
2.3453556294003093
2.381925289323114
2.4686004455314006
2.4460553909933793
2.427591419739929
2.4375719163563456
2.3971392141665477
2.398034524781655
2.4726258371344385
2.4464610062091667
2.455777634402672
2.3220637148942758
2.3139890890684605
2.3308590950667756
2.394333096290103
2.236441027075001
2.301603024237159
2.105043992004323
2.264383817038384
2.1742966492097593
1.8889310590225867
1.8992855276214367
1.8744402564527936
2.082559354805327
1.8841151820999096
1.8892205604738643
1.7753251864008195
1.9085319769703797
1.8744892481116662
1.858613782561065
1.8529030344304251
1.8848971399219232
1.9095541142332726
1.9060996839142845
1.9188144358246906
1.8968769378194523
1.906154301953112
1.9099465212765003
1.922848508021698
1.9045816388289691
1.7839297750612495
1.8611768429890334
1.9657772799772584
1.829431438431724
1.866890029018052
1.8403692165538719
1.864067286116446
1.8984900066307457
1.881280937650365
1.8779965098877214
1.9479809678668243
1.8614307608129175
1.7881294063864708
1.7387848433246071
1.7125130450446628
1.8026129294462103
1.8042618496011826
1.770861704794687
1.787170528841564
1.892042266605071
1.8029442385010046
1.7975339514212574
2.1492289437315
2.04522131755308
2.1329753427788605
2.0453643323083535
1.9801840167328042
2.0965966885387695
2.100067379691116
2.1317070994885112
2.1189969555599215
2.1538798597181477
2.0767179418315305
2.0449983832255865
2.0827334611731714
2.1388271550695044
2.2180592230774687
2.0573986865148557
1.8798691708784316
1.966204171991017
2.0819042124014717
1.4512841333415354
1.5225625925653046
2.1497338404332758
2.275795977623902
2.269960767513575
2.218989410123148
2.1634096773938514
2.2231935586954825
2.1134683508114267
2.1978835918820225
2.225515944802452
2.204171037247707
2.1759765488183223
2.19693977568101
2.1888067847697465
2.2580437506585347
2.2381468322557727
2.211568786401396
1.5593765849147467
2.238918567889659
2.1802547247967508
1.5257683309867491
2.301460377202989
2.2798105688314063
1.4400838747032334
2.2547880868178116
2.2737011942229164
2.2116961535819857
2.251936777504355
2.297280643559085
2.3225059267394936
2.303072512937489
2.29598542551864
1.558256392411176
2.2162247927384895
2.1682462357603978
2.1426962044059756
2.1965568664400377
2.1920612701706745
2.278256151248402
2.2349249404469798
2.2432704308402074
1.9563300147150984
1.9304561010341643
2.212697427000845
2.1156717717393647
1.994462705859511
2.0794979490261993
2.0667985828096196
2.2633277720955056
2.1490146443653475
2.1267428153191363
1.9738047071980196
1.8642083653562294
2.195701625429388
1.9842798236895012
2.003928978869558
1.9598595263496983
2.021587159494252
1.7988600015495868
2.242948410250963
1.6726436762894765
2.240746455320787
2.1424128097707333
2.2023754543111034
2.1042037352513416
2.0825233731638106
1.6107458105883763
2.128656951496304
2.0509143244651495
1.944377929166273
1.9674957192653437
2.1059949606603783
2.1507673233480333
2.1225996991880796
2.172637775473912
1.8995300566556799
1.9090919248218845
1.8961757232685013
1.8790055595850044
2.158384655586136
2.0974818627570415
2.092935398732455
1.9672501881684403
1.8977124154527216
1.9142970282146723
1.992362794097192
2.1823573186606446
2.207016278442892
2.1142776785862343
1.9182522633004395
2.2582851909938864
2.055862112024494
1.982184583789543
2.0140166675869713
2.177984719282383
2.0593483076901693
2.1338102610790033
2.0368084863557483
2.1788358722410632
2.2158509112218425
2.206258559813846
2.1450830624259285
2.1250563069033968
2.19691326949257
1.535713431190874
2.186523348160582
2.1476239632676064
1.5416925474278065
1.5161074659776606
2.1904083434253856
2.0461959538205665
2.0086025858118823
2.123306148085972
2.07308594204805
2.067416150060669
2.1497001310794546
2.1858408020553597
2.1955029388014684
2.1123769984107046
2.0730794671264854
2.234369409380756
2.2439407010240573
1.921423928563718
1.7298313216421972
1.7108226420093038
1.7141342991298367
1.9012704336779982
1.917506677422304
1.9325951740333562
1.8517504782569678
1.8802395782130894
1.9197459856318608
1.8922403398741034
1.4464993046511727
1.8935396196613903
1.905480109108423
1.8763701453148842
1.8787685594741732
1.8461563078290764
1.8596692583934102
1.789799663844501
1.8797301649418987
1.8806779241919958
1.8321256964497814
1.8571135298835353
1.8935640438598877
1.35692373675085
1.9091456781144946
1.8756584612210345
1.877751884279017
1.816038746004715
1.8654463817770066
1.4213140404508267
1.878972256850603
1.902027957057619
1.8048385128304585
1.8677755988456368
1.8704480817367581
1.8907165233436198
1.4919140648552907
1.510258979947253
1.3531509018667984
1.4582000586434165
1.495382855917263
1.3654035795542965
1.8556992104977816
1.7991902908357884
1.8951810253775863
1.880503358861805
1.8814230295321164
1.8970789450069494
1.816628074186175
1.718064589557059
1.6970684650256553
1.7657076604363835
1.8081399378437524
1.8031501195155928
1.8208316182707067
1.806704069272038
1.8365415035384538
1.859287504205814
1.8630101859500652
1.8922120450023476
1.901949226733138
1.8930005109338126
1.8876437284246634
1.8798426665454793
1.9210770930958194
1.9077814195171146
1.8553398632215579
1.8718362451465511
1.8707353638277586
1.8304092194727155
1.8648880273327941
1.8626733228995473
1.8562003868536707
1.8360800672546467
2.1347195828662704
2.1970414439784207
1.887981743218445
1.8368034780835492
2.0870307439359657
2.188959752481159
2.2074920471334765
2.214863432053959
2.1945704356622135
2.23839115738678
2.138634947033891
2.212777714621273
2.290830493209316
2.249758076691916
2.1840720689731343
2.248616703752301
2.187739916122657
2.1299177682560155
2.1148966110700607
1.5504838299999597
1.873182013447004
1.8671994439613566
1.8788938868848113
1.8171810734012315
1.7847050960399238
1.7669484287569268
1.8689032984778258
1.7043519571409702
1.6610436455846245
1.5959856624843354
1.5879433963155318
1.7032657493323173
1.7761947310479458
1.7028719863613906
1.8192162994830525
1.784224216166532
1.8131330841401183
1.8369387231753853
1.8428231934294124
1.7899653018437722
1.7734748520069505
1.8297530272617324
1.8314895866280843
1.3729038592783247
1.8949249439927678
1.3617412665911675
1.8507483910708766
1.3716503784004337
1.3113063370719242
1.3805323782572807
1.8133200500959616
1.3864277958048237
1.8558060083277563
1.8876470184829126
1.3268699052470547
1.8702200573865668
1.8957067212374588
1.2624851424271106
1.8178059465296055
1.840635854167635
1.8376650672094192
1.8312398764108224
1.8424524851515693
1.8261029456559739
1.8215746587813881
1.819357784151845
1.8635996684387748
1.8770773688873015
1.8637374437680647
1.8500935207517442
1.870674747872504
1.8754176314156672
1.8713322765934144
1.8484480754804813
1.8632073297043614
2.0204354752400002
1.905325088847069
1.8931489175587042
1.936306687497304
2.041956783479011
1.8587690041580576
1.8814065101899586
1.868782741235799
1.8509115716903473
1.8653287822636684
1.9074313791485116
1.6792647200692066
1.7727903154973326
2.006368365332294
2.187236146444598
2.1821250213661036
2.213617464663158
1.8901389028661226
2.255309161979722
2.2778732421437886
2.2197201686431467
2.321928442676393
2.285733424284951
2.2817251661700597
2.2531198746724588
2.312044736081675
1.4120489703370633
2.3705176590455697
1.4590953864224843
2.3887200412929936
2.512616577649628
2.4362606860072424
2.4645318201203525
2.343520551599291
2.3800274444196523
2.438024236386895
2.3696262454526065
2.4317856495253927
2.3970334286884514
2.460455029289251
2.5400652189304043
2.2422224506119752
2.42111567400498
2.2111428012785477
1.9861996656762089
1.9966905502337853
1.7416850343819414
1.8520503028542574
1.9046785516674478
1.882870136412515
1.733854138230477
1.7522932454589313
1.695617350567302
1.9169250170186098
1.3650879410685857
1.860061611118686
1.8807787752679375
1.882438730816882
1.3899967316409754
1.4097602106884557
1.3738742270712856
1.8919890535477166
1.850930210583435
1.865048058305025
1.8855392845568735
1.8354371329519819
1.8762256751439226
1.598135938008376
1.799886365499949
1.8716937255105945
1.8785055919498466
1.3861081987742605
1.3309491950996455
1.9262923743611184
1.4602871753703899
1.461338017293679
1.8708520411591663
1.3394426756383182
1.369475196197278
1.280319090623649
1.8276192368326367
1.849944898389918
1.8603539608746151
1.8570630770483345
1.8331978729045613
1.8589161925324835
1.8954004047833242
1.8547891461691635
1.8871827464854054
1.9146308242661836
1.9367526724301982
2.0233852511781496
2.186245410214884
1.8374644199359773
2.5011593528213374
2.3737504056868417
2.481909274713775
2.088304413820214
2.060642694289673
2.014108400593444
1.890398954414372
1.901230871694982
2.0651588158614476
2.318714828285573
2.392912431290472
2.232844624979678
2.544902925893213
2.5345238039063815
2.4379485292449274
2.455230106346024
2.422496180755616
2.333427601386995
2.4155819890444445
2.270260324885358
2.022764012555672
2.1812624582277778
2.241771580164813
2.2718203839425986
2.2157091138814193
2.235188032085591
2.3069021066492663
2.3366601468206847
2.3528450402209167
2.4720573989106454
2.3921241407774407
2.4631977782194814
2.4454195352536403
2.4787046295825514
2.474981180838246
2.4340752122883162
2.4536386622492974
2.487232676108213
2.460072146205701
2.5988885759836635
1.5958983033750571
2.4272479200495405
2.347454826606356
2.4098401291969918
2.355174521106029
2.1704163868542388
1.8022052367443835
1.7047949671291593
1.7970690347648912
1.9400529594093106
1.9152069970501509
1.8778243443115055
1.854642454788959
1.8925481426018513
1.8836091233115155
1.9066939266071117
1.8994432708705182
1.8591887325149343
1.8913779401297057
1.762195150135209
1.3843495759359512
1.4139173489644077
1.2878711735228296
1.3246452332010654
1.822572214235973
1.3699798846262354
1.7509197130937433
1.4039962741509484
1.7412673284369733
1.301854960170536
1.7701790563322553
1.7866608247595475
1.2932953860349259
1.7571997510793447
1.2619340180809344
1.7197933369093805
1.3541673645009284
1.7414251240160046
1.703945422733178
1.700731006168968
1.7219252909131793
1.7208828073819349
1.6624452942778893
1.5954243282055123
1.5449646738030267
1.5130023344466443
1.4924442290124302
1.5417587457877813
1.5775008078819743
1.607621961227632
1.8113724672992053
1.7837883223323214
1.7465088835837748
1.7126362571958949
1.7528901063763263
1.7807667638449924
1.7466014564122523
2.011034284971352
2.311413854937322
2.166863162240203
2.152235706547892
2.1258846984563973
2.091573517267376
2.1451003749874826
1.409454881438301
1.8280238170092216
1.8725642594659022
2.071353376708537
1.7773127108519289
1.9091008032820018
1.988524924063311
1.945433588097105
1.7370308776547991
2.150496920122792
2.37970781305636
2.2009245159653648
1.922278849297504
2.2409099292605377
2.033824226235242
2.108255684166335
2.373886674730385
1.7176374001550045
2.492259592398613
2.1904571970746822
1.918683849548655
1.715736903460808
2.415947383719874
2.4000092956736587
2.4413786250433898
2.4416329599113014
2.2750349979253905
2.396709494728067
1.7587247156277899
2.4171438912647027
2.4593175008998553
2.446621430451673
2.4541059137602597
2.452384918027843
2.3855246757451307
2.430584812543531
2.1780971221342065
1.9179284789613362
1.837380546877883
1.6806448141157215
1.9185407443394096
1.8974657271631283
1.8946086612190762
1.9359999821221663
1.9376117738580427
1.9277319999618985
1.899093691788547
1.9244189857971694
1.9079193831245789
1.918451713568734
1.9092653780116322
1.9079079364763352
1.8878948922566818
1.0565478796118566
1.6511899661435527
1.0874981458139548
1.9386740137262015
1.8926189638019255
1.2735348794297003
1.9349298628610332
1.8937452831361028
1.87585189676971
1.8485943715037905
1.879331022772579
1.833528834714511
1.8361049422123552
1.2978476648369772
1.3286607810359379
1.3447332337479612
1.2693988041338697
1.8878691530661416
1.3335958115507205
1.8134320285173593
1.8294697423765547
1.3168934555987588
1.6992610269953576
1.789824702843815
1.5494850559681803
1.8136095202717202
1.8896042886404925
1.7294969993165035
1.9178543712449228
1.906405941647621
1.909990969902698
2.0325071285949585
2.004071339825118
1.8595668778769203
1.8583546560801316
1.6834211237567915
2.191339978810261
2.127723279356105
1.5490687604556856
2.3335525571716955
2.1347813434059573
1.3992710120096574
2.271529369125971
2.3129532401052058
2.2132602889836495
2.1828307397390763
1.9652245189534703
2.1392609537102283
2.195883128904023
2.195862881247039
2.1304725729875353
1.369818525441576
1.6011900053734571
2.061468436427482
2.027278057725154
2.08742689231164
2.1651074398581547
2.1178872964843896
2.0989096517090102
2.1397342201603986
2.1424924978177176
2.1438746392811465
2.2778448365453605
2.298329490871824
2.298629874621851
2.385492209674972
2.357638503784419
2.363639669182991
2.319889648554035
2.2856462870924714
2.3673960263211793
2.3567824617861066
2.3577085286531076
1.6018521121279523
2.2749768823616376
1.5684223169429234
2.370566036146085
1.6503228705429867
2.410774378845437
2.371142998937388
2.3972884077239325
2.3906715256931657
2.3706369950716435
1.6462557094803758
2.366679605799197
2.270700313488098
2.366078662983166
2.4731840979083506
2.3665189792641033
1.34773518543015
2.3401112105607886
1.5789788965524671
1.8927987257865166
1.9224001353153988
1.967132029106757
1.913787126318566
2.0947695581350843
1.4128740157741713
1.2993187981702174
1.9160398101904268
1.6203646769768787
1.7916178135880947
1.9522397815420942
1.6893406346891517
1.5717365158878023
1.9234752991809427
2.2158788259964566
2.4859865580335625
2.4802952984735644
2.492490131503455
2.24817545597807
2.332439635621229
2.101489052007917
1.9213577227905998
1.479170646730011
1.807381750646184
1.1684650092331472
2.042668538029483
1.9213174169947145
1.405681092874838
1.9754860636643226
1.613721171848727
1.810586525071643
2.1181264818238454
2.1629157531639436
2.0463215631479272
2.04669702844741
1.3848239780957998
1.9251482867881318
2.3560855509930345
2.2650536484389656
2.3192300070921537
2.2570261931490454
2.3055465464182947
2.0587915180406333
2.349283758765726
2.269736896904456
2.205402078205205
2.3681460768255316
1.888872905956974
2.4528785222055967
2.2479831524458
2.4071253342952397
2.200270582584629
2.1963444709804456
2.1278790197561537
2.2781746040638233
2.176503741346311
1.6285697898920022
2.4007425091431984
1.8125283842529427
2.2776180294456827
1.7375673346473073
2.472218331616948
2.529237360683293
2.5592569635124183
2.5147160008235323
2.486350370203859
2.395736966003083
2.4463870896765836
1.8186676287824117
2.4230204405763183
2.3793621686787687
2.312433479914558
2.3813578726542532
2.4178703774150914
2.4827810688111884
2.441270211524896
2.48663895903618
2.4696743650745843
2.5256143127600037
2.516198225742649
2.4338835466726434
2.465405172401423
2.4893433613124776
2.2811646304512863
2.4277856218348233
2.35822556298165
2.3926123937319606
2.29591941517755
2.3003911176436964
2.2513089616243125
2.3744314711437107
2.256897128076682
2.319320016460585
2.1903508141991863
1.7758268338085783
2.226413421557681
2.3711722043293713
2.3506703057970273
2.393327290884384
2.358892819239622
2.7095192083750264
1.8984107644721357
1.9695729330520384
2.40084112278296
2.3615565984663967
2.2570785345134303
2.084895590261569
1.8743925018737937
2.1937397462601314
2.337312403169368
1.8940869553096293
2.1465291286448216
1.8576468361560197
1.9282979648073593
2.3642202119863636
1.8754420026596925
2.208935883217199
1.8075718859965797
1.9982062885581058
1.8180585093155432
2.401985579108298
2.4066199599419895
2.2469726374002383
2.1450517611538844
2.051197257963483
1.8411117965950137
2.2137355085830386
2.3342680532184352
2.2720670953098385
2.2660004810673517
2.1561038870801705
1.7022102763826832
1.84917713287814
1.8960099993371413
1.5993486804847157
1.8850976122385905
2.300301232574122
2.3451857553909083
2.2491964106760816
2.297874958593731
2.1483523245576426
2.0468596529138727
2.1261666261940744
2.1692021655882527
2.1714542863477373
2.2421954797886383
2.1979849471394513
2.0394214287691694
2.1245949864918483
2.2512154916487903
2.240407523088624
2.222210514252389
2.054991709432645
1.9882144359126679
1.964765671425903
2.0186440113943465
1.8985125191572476
2.118321571791868
2.215074924084219
2.24319266215127
2.085288988794848
2.2640900059909925
1.6814909847902162
2.2473189614218434
2.254434057155755
2.2838550522817647
2.2568037586999368
2.3654297522135272
2.374521111886526
2.4650201006927643
2.4000555148267724
2.4260835196495356
2.4334597110601575
2.424122332098432
2.3360545938933543
2.41753146559201
2.4209852586752065
2.398684076685913
1.6971161272989617
2.377453989264649
2.1295604521002374
1.614549976733008
1.6246931295816696
1.7463859735346825
1.7551133500400906
1.7016144361090697
1.7355458085088116
1.7941058148778148
1.909208502272347
1.8980044739687614
1.9183785385050534
1.9189576418914092
1.9332981723407727
1.921594831872594
1.9211300719403273
1.8244351028009176
1.891364024850901
1.8807851741631176
1.887914030894755
1.8372630643984984
1.8448926966011798
1.855462384512844
1.8417469470179344
1.8847472397984373
1.4239252348261484
1.4057548027612123
1.884899227698059
1.8479730658730635
1.872120765549323
1.8667205522554222
1.8565143358764566
1.4138826477556934
1.3865984336702049
1.8529729293008508
1.8371964412568735
1.862538998823346
1.8870638826320902
1.860644689108715
1.8778236318195305
1.8726085059253563
1.8169955864154
1.8645324855501861
1.8590433465474683
1.8686413732558478
1.8536381888702302
2.0993035494642815
1.9021546447760338
1.9115461980120072
1.8985363563083424
1.9385170020563862
2.1005716546317057
1.9692309554540461
1.8932675065998417
2.1826371674025604
2.034024087692715
1.8519790025365712
1.8220076717584013
1.8594865994464749
1.9043051284929702
1.9627434440539153
2.159968086492329
1.914544779158209
2.265563748388263
1.894766043405883
2.193941767946421
2.1362655721980945
2.217464412804184
2.3090322726306907
2.38274158865106
2.3626237596196518
2.3581452614867398
2.2942899440002926
2.2951776128570955
2.305866869222341
2.3585584439282568
2.2943370707188397
2.33178954550096
2.444574817574948
2.3055474969035674
2.340951311808536
2.407912538117981
2.433726633555695
2.4001216363194824
2.3028799505861013
2.4338923399950043
2.3790397860189394
2.5092298122539405
2.4000565319855234
2.472182303694588
2.4239458227016617
2.4635425455351783
2.4806183973432407
2.4803227509648997
2.4076460248668834
2.375690125321017
2.4686216327005974
1.9280185027028482
1.7335463604679613
1.7216613742829217
1.6934107470307487
1.8360096373365653
1.9167873962592699
1.8903838668678328
1.871487679024007
1.9167985065682958
1.8512018182746215
1.9062926116213157
1.8822912251345345
1.87920776144592
1.8801177607825381
1.8613860668535733
1.8847466997487572
1.895862984741182
1.8845884353636913
1.9036231388466682
1.8440662152435991
1.8893131821369136
1.876753201971851
1.3634900670603864
1.8761403615952335
1.3928767740172403
1.452677467614289
1.4390482513783824
1.4089994903949785
1.4444506457754496
1.3801508966463132
1.3528883301580703
1.3443897678446024
1.383780898736257
1.3380228494440662
1.3347852652273935
1.3929342813195846
1.3369357586499186
1.7542448657093108
1.8419913396938787
1.7742257942797663
1.7918434220452724
1.8126404852804205
1.781557310904615
1.720997310653752
1.7858306278599345
1.776390786459212
1.7132359941910462
2.023582279435065
2.1286363142535976
1.9367742645920742
1.8464815404879205
1.9576770689897198
1.8133211298119518
1.8999772108050264
2.0712350929832266
2.0222162116837086
1.8689371626844322
2.030304098246668
1.8555546593233527
1.8536518603541272
2.009737849130309
2.009662853699415
2.0256587848581145
2.1371451792101905
2.2167393521772576
2.0947930275711117
2.1295186322880006
2.175544404100783
2.1868620203479674
2.1323256968866153
1.9709932342090812
2.0317397524412555
2.104409421652635
2.0818135804078484
1.9742767539047814
2.128549996156515
2.0133223230140325
2.007207629014334
2.0951194529901773
2.117870081362569
2.055924841502616
2.1272288500173975
2.048705475147049
2.0558083009672155
2.148924857737704
2.227040559158018
2.1675852645925042
2.221071218154021
2.202010592892936
2.1703346707271858
2.2348255661983614
2.1380085429758413
2.2271394137114626
2.129375928516951
2.075062038728349
1.989039110645091
2.154763819416392
2.058022712619535
2.0485469136125847
1.9266407969215082
1.9336843811275743
1.9137837703033207
1.9316196449739915
1.9181318309336288
1.8834450511628955
1.9041530504937192
1.881657368372177
1.8864700930250777
1.8901726672979504
1.894683768895029
1.3708902820256494
1.3673219827144447
1.353153674393713
1.3770845334571753
1.4173720268321748
1.3458005953738192
1.4137296754369706
1.922566740891276
1.4198353245177184
1.4253394622712228
1.8980046196033051
1.4490231169560734
1.4337229497503534
1.416561327252975
1.3933190039769145
1.3403885626621797
1.4259784563139197
1.3672942621077517
1.8282350154761182
1.8724318660724806
1.8527830769774847
1.758392175659487
1.85211341917915
1.3742631912373156
1.8275394915095595
1.8294982086217637
1.8275888189333345
1.8330644856497271
1.7659969007265024
1.6594279846896247
1.7624174469129434
1.7742497445250875
1.7666374257878596
1.7191926393542865
1.7741914666261676
1.7340892481583574
1.7501461970018968
1.6637666161617994
1.7540371540955422
1.7346765007611336
1.8855508170025608
1.5635907149778252
1.6074242846860114
1.6326459401300613
1.885917097214441
2.012790752733433
1.9535156594443956
1.9543573325348906
1.9992261978472015
2.132729162835284
2.085254189708294
2.123427518853689
2.122286278626648
2.0355775826234943
2.0630468044940895
2.0713317602658496
2.0774973388670173
2.075383342112527
2.045484665675253
1.9504315863897579
1.8992239732684095
2.0074899499898424
2.0400634428250206
2.1196546776396485
2.0380739639415633
2.0684134008079575
2.1648839734210825
2.092842685848743
2.1500871589041615
2.087507336617151
2.1524561174261354
1.8388624785490937
2.089312082912385
2.099114262649558
2.1024087327969396
1.8683625833271758
2.0778677683691664
2.092797429724994
2.094903924077088
2.1750176097957756
2.2313803122509923
2.197355194739448
2.1655246372480534
1.8266405254603888
1.802565200784612
1.7865930231985099
1.7302787567009192
1.7603948830464513
1.7518376908973492
1.7635719106938252
1.7921939041094017
