1.3878289590564847
1.2318114232809387
1.2531703951615172
1.2152530673616346
1.1984378510962843
1.2221194233083592
1.1610039791738065
1.184993390347338
1.2413916700576422
1.2047386430648654
1.2180125593154003
1.2171705765774135
1.3091849445336028
1.502641685873592
1.1459855126932705
1.1469128632538954
1.195607762433593
1.2031200294937907
1.1854279056174466
1.3238302637053991
1.2500864555907114
1.3081695126573418
1.1785562996683572
1.280272096387332
1.1793107451994036
1.2616708276110014
1.1436373014743724
1.2718049085996557
1.3363556598501116
1.3915737672444888
1.1910750595796038
1.156558094800918
1.1320943764240865
1.2571104365138766
1.3459215976918242
1.2468583697008593
1.23581620083435
1.3238967121554712
1.2794257042244355
1.189119611685469
1.1686471923325814
1.2800280519466751
1.2898105864926488
1.2660089212438486
1.377841842040095
1.1544617244264224
1.3415309881582405
1.3816348211041314
1.2501736017160434
1.208442207324169
1.2651438437356675
1.4206715200601134
1.2414770311761554
1.1968985610544471
1.2025298044616277
1.2011882827112281
1.1940944957760886
1.2750551633260703
1.2812095521428037
1.7379224452039006
1.2242098409584472
1.3538216692126916
1.3657185377888004
1.233735050468311
1.339043181625478
1.2587115290526139
1.3862974367003107
1.2361511176996334
1.2240352607165101
1.3734119103038487
1.2379252500943445
1.2198639081295846
1.3216176106016615
1.2930034080789319
1.1788045029469472
1.2433327403623347
1.206497266852095
1.2628085647785905
1.2355511556512808
1.254123375574314
1.2768649896158268
1.1933066823724812
1.2550104288250226
1.202451480063161
1.1466421776825357
1.3094910291666826
1.3537307641813199
1.1982884232088125
1.2477262040107513
1.207769072272041
1.221644118027898
1.2601349890219733
1.310125660138567
1.306737296352266
1.2205048043954136
1.253024008368164
1.1673769775012794
1.1873419207168445
1.271046508629597
1.297854973293961
1.242351688283735
1.2261461413726897
1.5496116271329203
1.2986823742870612
1.1875333006525364
1.31887767730437
1.288600401324021
1.2615113044167108
1.2858695226876624
1.3172085852266435
1.223825851685629
1.2453937431454905
1.2101397256918223
1.1818263891376448
1.204810832176576
1.2969548473256767
1.3499701028233404
1.2243990300724883
1.2010459149288246
1.259531958404459
1.311915125881246
1.2568143722843363
1.2689423415924204
1.3568524567516296
1.2137482562761441
1.2192352790637881
1.220781325500762
1.2294225230119893
1.2496217973915325
1.1772967713782119
1.230694906634945
1.2690550329769272
1.3127336368700209
1.2212708183835759
1.1680354541126419
1.19261526295144
1.139173402055791
1.2895438156070131
1.1836294888129586
1.148936051478412
1.308531648712332
1.2041881755467765
1.196654336933613
1.2416540984541922
1.1990174599613095
1.214946732875114
1.2219466960244034
1.1815747955409146
1.2184710626783066
1.2346401317620137
1.2162993341517752
1.1982243259118568
1.3176510392119003
1.3050512466263866
1.1865629632520984
1.2013514963097127
1.3101090133558333
1.2574924144489965
1.3353702453862437
1.2484818346833244
1.218559085216496
1.2407403746048729
1.287148105280934
1.2374560798998397
1.2301422470809005
1.3035629559212456
1.2236868854622787
1.3443280006897338
1.162048759150639
1.2122524647043533
1.198587191945856
1.2404757165322835
1.2259409097466452
1.2600692289654654
1.2276186899798305
1.3014299028595357
1.2378468332000878
1.268116476509272
1.2883568543418424
1.2812298460765248
1.2493434619174282
1.316429859024833
1.2094652458720472
1.313808440570659
1.287729927046734
1.2950599067316808
1.1831972317385466
1.1432079789680367
1.2514454927238645
1.2154817547710344
1.3006570051886006
1.3261968317647002
1.2635299972394176
1.1948222349889837
1.3656343331520895
1.2479814565129779
1.2198088393984279
1.243147820482236
1.25726939481548
1.3179451742923172
1.2280445634062873
1.2282241864519585
1.1789492789153209
1.2624059128684044
1.2522327374192077
1.272217546255906
1.235923580247635
1.1569175539630243
1.1523177142900323
1.171554920792273
1.2308222560544835
1.2051987319673199
1.2126428709752861
1.196823116572456
1.2363818332356842
1.2207598310443797
1.2592086085864949
1.2800012068727817
1.2008015380790749
1.2394655918010618
1.2682640116376316
1.2101608783611069
1.397734453624172
1.3966469011540583
1.3461308430042853
1.3080009807077617
1.1964393663204784
1.1639825525568994
1.2283143542328394
1.2821349337439165
1.3205128234411012
1.1589370941482056
1.205915220972824
1.2211215646347526
1.2273144218655982
1.192205646745561
1.1859799953216055
1.3094562075252816
1.1943107872927599
1.2823124552368117
1.0984982454724903
1.233152631308973
1.4359809947583402
1.2718080462418593
1.2470271997398688
1.403142964464137
1.1909230564170468
1.19671482162292
1.340492848424408
1.1955372057619627
1.2477153084611206
1.3120383006889398
1.2397004667754532
1.1736443478133642
1.2187939204367813
1.2435584918013378
1.163907750215476
1.284200359360273
1.1876483101100959
1.337352658729509
1.18906889312057
1.36010416466925
1.2553259457492731
1.585247025100588
1.3247441838242675
1.2249638392181763
1.2064412488874567
1.3117449957825125
1.3147555436929315
1.2212302923016973
1.2455227275761154
1.2951682967192888
1.293496816349045
1.194600600265193
1.2084057455072605
1.2375191017955558
1.243518644019803
1.211316165728655
1.1781035849888226
1.2241814107667963
1.2530767462582504
1.2836522446354746
1.3384080251690071
1.2608613897005767
1.241715998541744
1.2393223128330157
1.20524250827925
1.2436582715317603
1.2340155932896693
1.2479372860889402
1.2228187194044688
1.2237035786167942
1.1425856646135828
1.207843211837619
1.235769794311996
1.1781931382133268
1.2159291665542882
1.297720155404824
1.282858396004501
1.20902185251314
1.2874537008350782
1.196996701360015
1.1707779333435901
1.2137030213117184
1.441168861753718
1.256046084229439
1.2176246435867262
1.2855467304254744
1.1913140300864318
1.2444588349303094
1.2732609907338166
1.2475316346608558
1.2187364374111207
1.2604020104721572
1.313483746296271
1.1971085887960604
1.3184444047072195
1.1803233813071135
1.3794350937756252
1.1914224709981225
1.1702800867814307
1.2618978211619625
1.282354821696225
1.253471844839849
1.1332447804590298
1.2613268742396548
1.2283934351655037
1.3114198982305239
1.2627257237564713
1.240719812585475
1.2534113355569108
1.2372282124136673
1.203539287120619
1.337119900753027
1.2651699334448159
1.1497176522898527
1.2390290728131759
1.239288285888649
1.18798471091514
1.2017968560550192
1.2001820393816234
1.2219771188010053
1.3135126116509388
1.3286530846764688
1.2972300388682731
1.2220739767611983
1.3218638435239203
1.2372017396561046
1.340375872725192
1.2430562673123893
1.2614988252504435
1.2453540582317306
1.2436081615357788
1.223091578418131
1.2928594635657602
1.231005332675023
1.3287790335863265
1.1935643560947518
1.2592162757076932
1.2623474947136968
1.206029504145198
1.2410637296823288
1.1755347365398445
1.2208958700767352
1.124001320024678
1.3418450055998294
1.2512259593053034
1.2855197128693725
1.217885563716725
1.2324666789597787
1.175294696911506
1.222807367910712
1.171066678376322
1.1903514968379236
1.4142097730955097
1.3123178402543065
1.228506664698942
1.1868894301259354
1.3786842516792357
1.4089788103098047
1.1539645438247108
1.3103990677187574
1.1750175144495376
1.2451937805987738
1.192951037237868
1.2823829252156251
1.3250110384026286
1.1907196609560844
1.1982269864563109
1.2772695747939882
1.2347321211992732
1.191769482483829
1.220839963721241
1.197534207347504
1.1848826719986865
1.3793422464766874
1.2203455630530764
1.2512784192924964
1.254638606633865
1.2316164373803706
1.1694170689765908
1.1680563416344398
1.3000649372568591
1.2519644275745638
1.2171761113997372
1.2177988136333864
1.219637828054248
1.290576268300375
1.2858190485460788
1.1400068720371281
1.2383010019588383
1.3170856376443203
1.1697405688769058
1.2745778328133042
1.2725712665022788
1.2397051740813045
1.2944814251300405
1.132692665315096
1.3558522948286764
1.2214155072761363
1.230403317158389
1.22759973103338
1.3365615064519638
1.219275690202505
1.3439200347103444
1.2197303743137664
1.20095074289121
1.175030419634719
1.150815349344449
1.300227853152952
1.3061382655130238
1.303090554594737
1.2338309847453517
1.1915887417036097
1.238950349067399
1.3033921506813624
1.1517711672740056
1.287973122788489
1.2190658827076104
1.1586510173929738
1.2744151817504015
1.2948894754854985
1.2619197396077888
1.2292663826748764
1.6861902376036058
1.260113438214581
1.230996997265901
1.1834180039391513
1.2552690763008483
1.2766217257466967
1.2843176122580502
1.3354188661300639
1.3833767698781751
1.2386984751811394
1.2260224903998789
1.2422711838047265
1.3817999053718797
1.2430346843087687
1.2486827282019413
1.2317966230117017
1.2735377177975875
1.2474434978674356
1.2272026367064215
1.2666714618713202
1.2910795096628904
1.2865773580906859
1.2432269881757514
1.329419886001079
1.214344061892773
1.2164841297469113
1.1853663286520661
1.2399146616989545
1.201856169986741
1.3760345590580991
1.2501272721807497
1.2955057979360958
1.3944670553828837
1.1929238021912878
1.152797457739773
1.1804852246117512
1.3921012954175551
1.2611975717686967
1.273882411329166
1.1744972017315873
1.1779100757540055
1.2242140273487616
1.3032084856019328
1.323692552749155
1.181416552269103
1.191353179515433
1.3522607707330967
1.1919752273042927
1.3453575859622207
1.1951800126941288
1.2327170976317845
1.2897221314629295
1.2539475621510543
1.267838764201351
1.1999745289150843
1.2908959090855994
1.176546911830832
1.277631074862569
1.2822369964831932
1.210429295872212
1.2783892153800982
1.188449436519474
1.1913207235074914
1.2387104959009148
1.2280137197743555
1.227594097287481
1.1847457236988408
1.2967038800410984
1.1822865236294888
1.2921617860807926
1.2417919858397384
1.2920083901169546
1.1920819635234852
1.2864289931383677
1.1956052295311426
1.3306486659478907
1.3406599841028943
1.1830686819589145
1.1952460331079455
1.2389744415711965
1.2290827578673
1.8088175309569643
1.2925966679462644
1.1879783310929117
1.285414300036639
1.157143606342882
1.2442748265191133
1.2152733946573702
1.2450770259761463
1.2014833787210615
1.1378874433731736
1.2062203708459123
1.3670362368843885
1.2205497030058208
1.310434922035013
1.2072104828330146
1.2941102074037156
1.3042885354978444
1.3153370883090587
1.183154401817573
1.2342614641870133
1.2247658945233797
1.2762439819087097
1.3337570788256379
1.2952068463319604
1.1798352810812598
1.1887150861633378
1.1677522034309857
1.2533562109740433
1.2078628996918672
1.172477080195734
1.188002998251453
1.3586595307708642
1.3141153914660688
1.29470124984464
1.2113282114334598
1.216317082521853
1.182749735803553
1.2110225069229423
1.18915282376301
1.2909115884482094
1.3378729978979331
1.2153137679558892
1.1719355284882138
1.1703938078117235
1.1392463803215238
1.3218841666168628
1.2110183594999653
1.2730553362086114
1.192776073738271
1.2684280119869047
1.219995192727405
1.2675723613706142
1.147566163590484
1.3160488155352956
1.1610882942363734
1.3283692922458206
1.2767174113525288
1.260118564272556
1.3879059406217908
1.2334817799512663
1.2072447951024983
1.264241523480096
1.2419233090384623
1.2619737256193524
1.2043682681302015
1.339812677171105
1.289419300223525
1.296830789850682
1.2516613900690867
1.164304941915423
1.3725469172293063
1.2033375619246411
1.1939243224047824
1.396751927257972
1.1826263220160844
1.2416790397230044
1.2892644945170775
1.4032319763644427
1.1887419695321704
1.3152448880831333
1.2706008922209022
1.1711403605801716
1.2285655976193413
1.2558052089466873
1.2614023318271168
1.2359355760593584
1.167605015611211
1.2408576460015543
1.2026307598191597
1.4084509342410043
1.229849109220554
1.1476856035096406
1.153811270550194
1.268987487665127
1.2232200473145742
1.3112035688820798
1.3500265981413764
1.2612904480050293
1.198076167452262
1.233939860619258
1.2198472582757085
1.3047008233853934
1.1605617217320447
1.291774579297195
1.2066467392994547
1.1563649748122808
1.1819416505646878
1.2083830072725021
1.187395966471083
1.2584393430237362
1.363414525803189
1.2214147713624275
1.2274885639868367
1.355130025442164
1.22669587115885
1.4657817679581129
1.2448937290519428
1.2481670790931259
1.2478964986982377
1.2241358318968771
1.2506467830710626
1.356567401935076
1.332265568583939
1.3043451461024427
1.3091404052200568
1.220778811535944
1.7362272486484531
1.264946260143918
1.1966026905600007
1.1816127276243693
1.2823977935134268
1.1871935967900178
1.2094385248239632
1.2675102571631953
1.276853593713878
1.2371359073489587
1.1563425131585217
1.2385866510912351
1.2226230632999686
1.236320644205662
1.126176842757806
1.4130725033127876
1.184922344133688
1.3526226330800886
1.161315128001277
1.3213395254145135
1.1856808010831759
1.2295348828803014
1.192881456524141
1.275858783559265
1.2234019968147325
1.3024417354343634
1.190039744069336
1.18337225907299
1.2377883169611128
1.2893295311690631
1.1947387036014605
1.248242354782752
1.3276510348003878
1.2431204323492029
1.4691170068124126
1.2370895849922652
1.3073803994371131
1.2350751631029278
1.2303179066181222
1.1827296801454608
1.3000489387362306
1.3080788888279065
1.1767609621853565
1.2457511596084854
1.2235176110014312
1.1797114342324992
1.2230701086184417
1.2334128218325844
1.2460599509042012
1.3087999168641102
1.259797102426783
1.2724454785125068
1.2921709485671036
1.2138570743574686
1.2936152932286002
1.2163110236368349
1.26350553298569
1.202289522073594
1.2641930334713847
1.1636523568429173
1.2847019664980333
1.2034571957324023
1.257540084524823
1.3565582721114686
1.2055642587678235
1.2862731465528947
1.3479309874511542
1.2108206986378125
1.2351189127932831
1.3159897219497922
1.2075245761405418
1.3065560834938086
1.32740597998715
1.2940234760494023
1.1463668153347855
1.209246447297566
1.215902417193438
1.2750108782752916
1.2643893680187979
1.222195860015462
1.2066071508749785
1.232957958941755
1.255864851022062
1.2288273772614697
1.174381032046837
1.2154716982335245
1.4564460944421214
1.2750610969772647
1.1887852786518363
1.215396882392084
1.1642393593464697
1.2611360595800347
1.2103085867573655
1.2611799753995934
1.2095106165440421
1.282276277120574
1.2956641729681238
1.1724759809908658
1.304178234734948
1.2072210567329031
1.2158334930408219
1.3089373005482092
1.2639630237849304
1.2534737424053746
1.2717745675509489
1.3416816320304827
1.1981324049425381
1.2482672329130335
1.2611026242805072
1.202710838261645
1.2035005960465854
1.2166137025917827
1.2635191141744802
1.3878879690177246
1.2421171680205259
1.2397581480947804
1.2508985025470045
1.2844019526457808
1.2300907463296897
1.334426326007013
1.1926335009930946
1.3253076260928602
1.277913307320143
1.3009645251299342
1.2575152453651264
1.2824544116696592
1.3551055505382383
1.282081261078262
1.2983374241411039
1.2778869537823208
1.233841820594834
1.1946109603810495
1.1670322759988956
1.2080971438188244
1.2702152036853849
1.2333915272145177
1.2621498122997503
1.183431282189385
1.2588671010252857
1.2180718750898816
1.2138821519515406
1.2535078645805153
1.2437205731054257
1.2505747465487576
1.2379994462118127
1.3539904693223084
1.328777295125234
1.2940903939171113
1.3094101795501534
1.3727215232321284
1.1936049995120126
1.2544809718815004
1.2259688912134086
1.1482477688823747
1.199310836114382
1.1538610787357952
1.3727469487944575
1.2228853578444934
1.2486863993939774
1.1440878347483954
1.2585792489137395
1.3140405895866285
1.3235310505062148
1.3169602870156893
1.1815685857118046
1.3461615992655853
1.2093344102192223
1.3515938610628293
1.2478040283464205
1.1512275929666536
1.2299239263940978
1.2417457943226657
1.1806439212320183
1.1785884640572746
1.29369609845343
1.2833145274883138
1.2953859349613437
1.187497589413456
1.1541345565209908
1.3348343284272366
1.4087381507010688
1.2258739831987122
1.2910909638996395
1.2642666610646094
1.2507975793221084
1.3414620935608872
1.3282966996670182
1.2311922997766318
1.235199974336168
1.2636136604879988
1.2237600890620748
1.2159917996556635
1.3221545883162749
1.332532233540897
1.2041773295692177
1.16651027200406
1.4295436883942287
1.2719610632177287
1.3191463018757854
1.2173526757913653
1.2141947549840593
1.2346997696726019
1.3672176519064638
1.2008505684151032
1.3283964852951917
1.2419784611943472
1.1575758666136216
1.255740635121603
1.2478861655240223
1.2342032470805058
1.1996416452127283
1.252180945192519
1.2470847435238126
1.302451731047111
1.2051253722115152
1.2752784696881094
1.1838952022685831
1.1499578325423518
1.2700776207660418
1.2989154633832305
1.2524157601765256
1.2208524532170377
1.3040966657904947
1.2230780324542285
1.2931375137687757
1.2176586685081512
1.1750038595406436
1.3561727157546375
1.204006415595201
1.1913507226645064
1.214626004204441
1.239899412676473
1.230944243938769
1.263790482275591
1.207615529427259
1.1565785428367197
1.303274300753988
1.222777226183409
1.298401523417236
1.383662903552388
1.3082782067712044
1.249302538024787
1.6197707735922031
1.1257791089946074
1.2197941657837306
1.2763984010670881
1.1849877535288613
1.2762393575441338
1.2491655201043939
1.2405101756831716
1.2402645831190449
1.341761483263941
1.2942836275342342
1.1857691042406704
1.227577639521118
1.2334403514422403
1.1815478991161474
1.1775303761053661
1.2490862441537665
1.1967944278731633
1.4380363063174844
1.2198703445984171
1.20592641356972
1.2317293729970218
1.2043023875886512
1.272584424542547
1.1979060895343459
1.1869213039536426
1.3528735247007098
1.1228524743119603
1.2621530642388097
1.159194922493862
1.2516433096495791
1.3294070744613635
1.2704774840158823
1.3768269632514305
1.2563284815298494
1.1918307196139772
1.549038153981977
1.2016659207501341
1.204877759529297
1.1355984049060857
1.2260264163335672
1.1560959187552637
1.2456607231751808
1.2194115930191596
1.1307043067236557
1.2670735928974473
1.2188993714213625
1.3116837546957847
1.3003501706773324
1.2755608888527001
1.4081694281743178
1.2534055319918767
1.309593999943748
1.244383562043393
1.316737151899664
1.2469712884710846
1.2650064371060472
1.2022659331601318
1.2564773294518885
1.232358127611502
1.1902604141045188
1.1923686765116477
1.2269655870751197
1.386674266357141
1.2952167583188625
1.2708430970211424
1.224542784931691
1.2121937840870802
1.2630612801762962
1.2423495080541425
1.179866766393915
1.1996408181539888
1.3087435772815696
1.154733379599021
1.288156845999123
1.2350144877487084
1.2858790787311742
1.2104146737779669
1.2087520527266138
1.2246404263979982
1.2273274779930696
1.291461922515044
1.1824745940821428
1.2876925060985847
1.3476515850907864
1.3227276443104825
1.2812609249572338
1.2403112115283663
1.212978345418611
1.1908526381062874
1.2859759790914265
1.33028037586812
1.314596503568335
1.3279098995645782
1.2491542893240921
1.219801891325766
1.226058355101184
1.2622940206799846
1.2279028422720086
1.3622332367280023
1.250331663236626
1.2780389093852242
1.1810346792463589
1.1966440908426468
1.33465661593142
1.236320935899549
1.183735816961308
1.1495446574574018
1.2800394933408967
1.273078042311117
1.2284149818418373
1.2582886521368055
1.3629427441042807
1.2443925837247207
1.3363338397706657
1.2704708335659365
1.2397932450093552
1.3603480157067136
1.2335844151103823
1.1555657736869835
1.204057670637707
1.3384817141770193
1.213081165136085
1.1926307191516055
1.2756975166897788
1.3271906055986982
1.3472393495723107
1.2421550855121244
1.2907878643497073
1.2019706742930634
1.2065404397828758
1.2084769782990223
1.249246762368264
1.2079027936654407
1.2663958450499342
1.2764561303756834
1.2398504932881305
1.217597219976431
1.191528627410392
1.203482257926003
1.2986185852935226
1.171374971434665
1.2408257578488526
1.3137168188930528
1.2834556136367457
1.2675407436236814
1.2353058917144775
1.1977207267952703
1.231237855355331
1.2027544194748956
1.190323549037461
1.169137349213332
1.3002793306354907
1.2419754413076014
1.2363806583509367
1.1609869683982796
1.1725996308372637
1.1921506714504606
1.237394817696062
1.1948442910834147
1.3322579996790007
1.1794445294194515
1.2192341108688618
1.2146812234930213
1.2624095046225043
1.2484402129189986
1.2334707723071485
1.5293944920244151
1.2399345203146073
1.2725769646123175
1.2208373261037244
1.3013815369227284
1.236453316533357
1.243444428043435
1.2540055253839444
1.2510728335125716
1.3162115547962754
1.2682900426467723
1.2345371254220812
1.1711204039210679
1.2616782594021667
1.2593675557926844
1.1443367745616373
1.2239032741795075
1.266022523032282
1.2625338537249837
1.2687548098037595
1.1524618121045298
1.2526970753002733
1.2286806439188351
1.3302913153454738
1.2839124368948829
1.2800188856792916
1.4385180749438427
1.260370610299784
1.419541746683136
1.2121299472382798
1.35649157725641
1.1886197503211176
1.2572974389652622
1.2825633194718409
1.3355918689577175
1.2004936719158306
1.2559223052565378
1.1978541137560108
1.1861690707250598
1.5083118227762113
1.2115277954139545
1.2395532086910481
1.2608482927383322
1.2272469134414887
1.325610197065918
1.1923664969373544
1.256635253322771
1.1988257796712831
1.1667770044612673
1.2445764470472387
1.2840335545337174
1.2011400248818744
1.2425618106721152
1.3920062848617132
1.2423619474501757
1.2332743360234237
1.2829001069242725
1.1773411113320675
1.1964163789792726
1.2730971273017813
1.183091234370996
1.2515628794180775
1.1803260821696917
1.2383040441158575
1.23142854043694
1.338177003951449
1.2659325732642157
1.2901713694848806
1.2166177478826166
1.2272325902323167
1.1897524489000164
1.3120013883739496
1.1539765032900964
1.228547735632321
1.2549959592989466
1.2016823885967014
1.2238251224398566
1.3600619936273877
1.295360749680083
1.2772799853942138
1.2244833480782658
1.261124089377385
1.3332247105108037
1.2459758551491207
1.3197887340990715
1.2657714471770665
1.2222667090999932
1.603079459052093
1.1751642059189071
1.2943266026018003
1.2026158515619163
1.600862649628161
1.2453003328500214
1.234540240059796
1.2361665145209482
1.1780422359726581
1.2088361730825505
1.2719774272664106
1.3167913549138521
1.2499062181245442
1.327647143509688
1.3406205864584082
1.2451037875998692
1.2247110540998063
1.287599708235793
1.2308090826798035
1.29039504845392
1.2608269655829552
1.2339610904741647
1.328478787711716
1.165964594370482
1.2938572695396853
1.1960487447350296
1.2251491906911771
1.2297412267969803
1.2590821279549553
1.527989454170184
1.2105795194917652
1.2664983736251285
1.1685177382683132
1.242116780968347
1.2533641295845621
1.1878138493809076
1.3755182733159852
1.3321906958427217
1.2227333542222452
1.166422253810339
1.3838756956616918
1.2596428917210518
1.345169981968235
1.2471830778054884
1.3096057753375911
1.2430731728415727
1.3298494374049765
1.338551629941121
1.3132792722108726
1.1947895996799855
1.2273474009404233
1.170010155925207
1.2827310463876
1.2710631257095706
1.1966142615544326
1.180357315013885
1.2174093656114084
1.1741347021238362
1.322251363646897
1.2646864174553734
1.227072288588259
1.2594002648274454
1.2533657606176443
1.3657577961999148
1.209972175558427
1.314787353792328
1.1708547498506499
1.2263441859424589
1.2315241775392372
1.2817929025546435
1.1572454743716378
1.2363392586858617
1.2588831726568386
1.2369965794150466
1.2514287440436216
1.135217782596314
1.321288951375396
1.3827693059594222
1.3048605806441127
1.167467353779032
1.2479857451263925
1.399605162783099
1.1832922217994901
1.1801364561126528
1.20180346662041
1.2044397512335347
1.267223271913421
1.3178591466999856
1.2373066060722921
1.2150652245691025
1.1695766378014965
1.2101835519319162
1.2477000828149516
1.2657892198124694
1.3051757873850751
1.3895366250301882
1.249789004292241
1.1921509566674362
1.2635444097368298
1.2565962799337134
1.4407523931438875
1.2068113997687446
1.2569771175457214
1.158156726774709
1.2553154427275535
1.2654907141835672
1.2999253552290095
1.2482528100218093
1.1732033275761407
1.1960394057622021
1.3105232986728812
1.2184021160719338
1.2447436351330559
1.1988537728611244
1.338445147822416
1.2419664133472257
1.1614039954532713
1.2183485674422943
1.281956232892133
1.1679661204645249
1.2006782002943293
1.241716024397832
1.2209806601851092
1.1830666848238514
1.2314312893379997
1.2400499318253135
1.2029220232286557
1.3135876734015677
1.2532598164191788
1.2705100499690694
1.2310409728445901
1.2532941715516632
1.1918666863160692
1.1605131585384092
1.16632589665747
1.249943325620034
1.4110470143528713
1.173271368823992
1.1876961941392292
1.230203880800583
1.223543051059888
1.3123429583268003
1.1911372719374613
1.177404990999626
1.2586317883024922
1.210370701099015
1.2240213260385038
1.1724121035996415
1.1544937237665103
1.3527929791777336
1.313731606599476
1.167572183456378
1.388616906574267
1.3407296089577039
1.284784999852543
1.1520999900897277
1.1977496551493851
1.269606918334731
1.2386919044545888
1.22638488763691
1.1887300976934347
1.2340665666382038
1.2008348568264635
1.2960324788164446
1.2131013147668719
1.2849335406910847
1.2177175263183497
1.1146387476321613
1.097804131188871
1.2975693209957526
1.419148942577099
1.249388275347062
1.2961988501806587
1.3008283700157586
1.309929657930002
1.2664787232609458
1.2820996697607072
1.230256819853951
1.1937081465021615
1.3140103584712055
1.1788919152429536
1.2239138276862478
1.1500401737130534
1.2522456003319842
1.2251894683421443
1.3438141870267346
1.1680998851847564
1.2064795077361181
1.16071097506823
1.216435006763222
1.2385141793017092
1.3094376797837406
1.2529613201040848
1.2357563956289321
1.224783211268321
1.1717529694542823
1.1960267364437571
1.2525018787598845
1.2706763077055097
1.238846807077473
1.269724021893305
1.1764309327561184
1.2687775394559073
1.1851957341523207
1.2052251959057394
1.2221753729149012
1.2518573797263763
1.2421150674923749
1.1953651477768787
1.2769089239633826
1.2157356876209824
1.217019549104489
1.2952140314421534
1.718691308665709
1.2316453141815344
1.2331532283777606
1.238090071810306
1.330779874937825
1.2179812711835611
1.2154172169429223
1.2730048027873402
1.328616319674038
1.201511961204669
1.188464569331906
1.339372648361902
1.1856398233850574
1.2693722769916411
1.2644263835881306
1.2188621168507858
1.255285205012735
1.2548812689537183
1.149271019030701
1.174389628497136
1.2433860692419016
1.1941648547219343
1.3541661463362498
1.2385728816011958
1.2770042022481172
1.3099606884289996
1.3129388595276252
1.3012327345478654
1.3187227652858864
1.3208295664125331
1.2284547371081762
1.227057888144399
1.3825931425147027
1.167159044025478
1.268734381440319
1.3036124772290176
1.2638832136448719
1.336503869836329
1.2476888614489725
1.1726612450932299
1.2364827794882545
1.3194757604363205
1.3194295465536434
1.3504071843732495
1.248098395242601
1.2659132159453979
1.1703950232195028
1.283899675209012
1.1846775957492408
1.2256482315671489
1.1862213787404603
1.2513638102233884
1.1765437215921033
1.192861116721028
1.2077351323346823
1.4066245466102394
1.2242980026225565
1.6594316538874483
1.1831247684906172
1.3369054605759845
1.2395343001414731
1.2449981681754065
1.2075679808486346
1.2546942794302849
1.160630080653613
1.2262774461724553
1.2179160607098596
1.2349771679810873
1.3193326406116126
1.1272224154546482
1.4562100110760254
1.5076488530538912
1.2327295323270777
1.304306338077746
1.2662922838147885
1.2860670933915148
1.2342016208415996
1.2428776900507137
1.2370593703931003
1.2077833774493922
1.3139629700299826
1.257999104117077
1.2509104441339844
1.2607560293147706
1.2275016875513947
1.1692073751960508
1.231672551021102
1.2224901785085232
1.336194643581489
1.2143378392642317
1.3598155237923202
1.1564246589752094
1.248802738566487
1.200141092536564
1.2317340025615366
1.3073619470499862
1.3624621821512561
1.303386191938355
1.2593652798777821
1.295725864246999
1.221173878800003
1.3037149369637806
1.200863820732652
1.208447593527986
1.1965956065832255
1.181375379684776
1.2149735546927072
1.2083165123301194
1.3787915359699974
1.2360661564293685
1.2473970752789794
1.266076426822873
1.2341001905490345
1.2683670044631008
1.3023279710665447
1.3032913792298984
1.3384026336875223
1.184962006479331
1.2586822080947098
1.3856560797588053
1.3059634637457727
1.1632996686368426
1.328563671584291
1.232443149619423
1.5915549608639676
1.2017723792150738
1.179957099598821
1.2577571664893752
1.1538252289677449
1.2012813448754451
1.1879002985620974
1.3465303294321131
1.315698970565905
1.202053609139343
1.215381732754424
1.2085673011764106
1.3399749912352734
1.2049911335191494
1.4865566989172279
1.1971810065514739
1.2039272960289376
1.1476562880633232
1.218463921761392
1.296665603736104
1.291875408161607
1.269792173068028
1.2745679319853025
1.162006796578771
1.2590689777626147
1.2375628443906699
1.2161743280004762
1.5430099001634356
1.2919509669228755
1.259970615506424
1.2297358914272103
1.288621477634781
1.282786941900783
1.2623207750682033
1.2021094973418838
1.2801399695138576
1.2538002216865296
1.1763599574783579
1.2139877216984079
1.1492476887649683
1.2300821752816196
1.190489875976655
1.1949227871728831
1.2641420349029517
1.3737064741444254
1.713349342057822
1.2284806159014836
1.2309224785854032
1.2853142907112027
1.1630965102267956
1.2836539548836876
1.1730201328565595
1.2452409085720542
1.2408106200804356
1.171767691055604
1.2521265000358734
1.2234983109301598
1.263554382726709
1.259024338297077
1.2675234328768443
1.253879379604532
1.1997310614519319
1.2592851410886807
1.4109169749509192
1.259422974142597
1.3107052263039256
1.295770120531587
1.3033031169812854
1.3701319206606395
1.1505703983669133
1.3093723879275745
1.1821486661891374
1.2947331937032283
1.1886258165113928
1.2974858495734871
1.2196878295519042
1.3633742176716133
1.3207808751690047
1.195352181990015
1.291844944598013
1.18924725636682
1.2673229792654932
1.4436084131971891
1.242558586681224
1.3166334699710205
1.2747718318010746
1.2131702993854554
1.253632374286608
1.290118553916153
1.2904040670317882
1.2508462135595673
1.2621290353161025
1.2111555612449876
1.3182860157570133
1.2894109670162677
1.2124610124090796
1.2113941868187998
1.2653146817061698
1.256951758902676
1.3317039310154202
1.2074562124953703
1.4118527687593345
1.1863323399557626
1.1915420546651856
1.2115323468333077
1.1271156893869003
1.2063311420683593
1.297774099270988
1.2384730144373686
1.28970106014368
1.2520884842438413
1.2247431612018034
1.2364338192689504
1.1937859514505686
1.2832613564663307
1.1943737951409648
1.24315443607943
1.220236103886424
1.198107845892321
1.2209835534503435
1.1798538735964337
1.2300114463442613
1.2121519640305127
1.2375854619308708
1.2982163196700514
1.1787049319045049
1.2006980416575408
1.2628109396561535
1.2790183294501642
1.2954037924447113
1.2090368082452756
1.2844293143560537
1.517190343723157
1.254962139117363
1.1978929957637843
1.2838964469073728
1.2935946939558647
1.2270173756102798
1.275348720566249
1.2899969667775648
1.248251901369982
1.1863236223929507
1.4583763345456109
1.2389742241277044
1.2366655235365152
1.2675938589815843
1.266230782464086
1.18743379324184
1.3709967901584441
1.334781517155306
1.2881684016561166
1.2302820025005285
1.1828904133885993
1.1694581174596097
1.3541819015575776
1.220202315402278
1.306677587560834
1.1564347583285994
1.208110000031374
1.3358042699008246
1.2097753098598878
1.2486955299767182
1.1762349919841744
1.2414677513808061
1.1414236154797257
1.1588318049185495
1.2556327384899537
1.2802807454101748
1.2080042778936044
1.2185612395931544
1.194107462702725
1.2381173411926176
1.2904900647656072
1.2241602122663726
1.308913549260377
1.194077330950064
1.2290899323644002
1.3458442323698985
1.212798096841108
1.2421727462482484
1.2183047109021712
1.1856523082241872
1.2015503782718564
1.2438621079972798
1.2186134582808323
1.4399562685222553
1.2580971830414567
1.2760796319971606
1.2091103201376572
1.256081637763764
1.1966404685051495
1.2423185134579784
1.2582399371380075
1.208645022279978
1.2840496458400648
1.2259511581515532
1.1652718005713498
1.2068270322997907
1.1977368522994505
1.2696780677232127
1.1547090228085604
1.230824000932213
1.3174791288858079
1.2510530494498653
1.255090967739582
1.2619157728022967
1.2168023709776332
1.2935769708947664
1.2155539250820762
1.2562601965029245
1.3311615430079364
1.3775417042444174
1.2421119463891468
1.1942248716029926
1.202429354051594
1.2434764377401164
1.1956404235395395
1.2267073406622369
1.3777034077543133
1.2388144612690302
1.2668118774689612
1.179325329343184
1.234527962420544
1.2201361008375113
1.2103349762301177
1.2436263374254695
1.2577604490022956
1.2483671200937008
1.2450263648790176
1.264850279193286
1.2138501536951976
1.2942635649868457
1.251082999087677
1.2707592783893018
1.1766556075371082
1.3885333080072892
1.1908541940285502
1.1782362232348553
1.4418997267730154
1.2161061177505603
1.2246791900566643
1.3163479303391492
1.1948588467880525
1.2070644861265272
1.3106308977804428
1.3169211861100631
1.173882414321945
1.2367200095796296
1.265356555560409
1.2299573011456826
1.3048532925421112
1.3445832297698608
1.1712945534833334
1.2592180653914644
1.2677919895814749
1.2546581645313122
1.2164131581371402
1.2632427920151892
1.1414965998114264
1.2629052258368212
1.1939001931866953
1.146698895851236
1.2020855890028197
1.2507478793470546
1.2248131163386313
1.3101880828844819
1.4343951802562949
1.1501174784510688
1.2174870726190257
1.2900177154670893
1.2296282067439965
1.262866589334133
1.2152128881058424
1.3353380919751623
1.2585766169671162
1.5197693227743556
1.2651477308491084
1.2399380915926856
1.217770081416615
1.1868120014992682
1.3327109001310353
1.157915460950246
1.2628528544611957
1.2645650095690717
1.2792221100046328
1.2191930588780018
1.289324672291457
1.2192264789882323
1.2145665544621382
1.1253748197290991
1.165804752144422
1.2113396726897412
1.2354090785054752
1.1774898396777815
1.2280260906961216
1.277380248086876
1.2563515882288538
1.2012874422250792
1.233500926418511
1.2552085952276422
1.1958637258346256
1.23936899601184
1.2532055726970774
1.1878159879210668
1.2448138623113476
1.2519265759320868
1.2569590382208897
1.2820727523765891
1.2298795080651321
1.2693971158073982
1.5376378518202238
1.1717982898310066
1.3645801058214866
1.2807468996599685
1.227158085973754
1.2702928107845335
1.2843893735427814
1.2887612651840241
1.2733067367697934
1.2320115044985767
1.3201293818469289
1.2629370275751128
1.3037831029423754
1.2040066676171988
1.1979409259164755
1.2721831516400577
1.1980105857831165
1.2852239912440113
1.1658163680927482
1.1852282634972824
1.1653624679797374
1.2309761661457055
1.2967010355910231
1.167663173291139
1.2855467748876113
1.3486230223240003
1.211901645940155
1.3283525250263517
1.3949998820727894
1.239720994640319
1.2686735218626595
1.2394305492606716
1.2270374426841577
1.2215031445645803
1.265587650316316
1.228349122733635
1.3203805965426503
1.1975020934833396
1.222779439611633
1.2590448075005807
1.149422855293735
1.2262946155939283
1.263909695070449
1.2903144180594697
1.241968407625387
1.2062726289233816
1.209905479844766
1.2332880716427366
1.239811612855487
1.2297577052180362
1.2306282434016986
1.2710469080204987
1.230608340600874
1.3481832183010867
1.3279941291319854
1.2158461280464308
1.3061236753457461
1.1332203703525965
1.219879822374889
1.2496295187043984
1.2021871232077255
1.1807129427167031
1.2491788716302346
1.1757322575417914
1.2255236098700286
1.284019909888995
1.2198410000310078
1.2075848758696368
1.225604460096681
1.2399958479954885
1.1690889758659515
1.2068451272018799
1.2730069013158454
1.2308808411368817
1.2250748514287244
1.3611741722283495
1.1636282266599733
1.4784030392611271
1.2359677091964612
1.2091671772923267
1.2360135185098595
1.2243032558032434
1.267604373064473
1.216884438695153
1.2400417891156847
1.201587623311671
1.180232009252062
1.2027299495349018
1.2505228551944616
1.1829815785108224
1.3504164811281627
1.290437422735311
1.1800272600675876
1.2374154689225367
1.238326015228225
1.2633728620869384
1.1913414946490084
1.204150464058756
1.2210514799469598
1.2108316918941928
1.2990706904030516
1.2107647824976255
1.2068431400350412
1.2022544693849324
1.2570851201111095
1.1954827710814
1.1663946608184965
1.2731012833593367
1.2896951840410837
1.1837547218840834
1.3337548839933144
1.221162949911076
1.223844018433371
1.2380588594626094
1.374263005279068
1.250492228981109
1.260376946836956
1.256408876033915
1.28247861788515
1.2770092294033653
1.2564163060271467
1.2565817639646555
1.277048704259199
1.1922677352512905
1.2221920360866358
1.2768450827806876
1.236339144743957
1.3202237740584264
1.3168822674893434
1.3269970554781856
1.166773865074407
1.2585606617793732
1.1890894335506925
1.2787156050409643
1.2814535578297475
1.2061750348627007
1.222536358312303
1.183799078751974
1.2500591989978607
1.2225444371744192
1.2082310725418324
1.1914941626091176
1.2011662117075452
1.2574681454805567
1.206726908255389
1.2171199528950218
1.1581128836906116
1.3741162115744148
1.1853379188322375
1.2695195910902342
1.183338526021117
1.3379057617198442
1.3039769118188211
1.2889992220269948
1.1567223470824868
1.3141989933841853
1.2391468254609663
1.2313832952237833
1.2828223688809537
1.2133859631536976
1.235030806025797
1.1538399901173857
1.1925481019170023
1.2268611845266575
1.2207224151264016
1.143464853416496
1.3270342722013562
1.1690480673698322
1.1790010273940394
1.425258687187769
1.3039635519352162
1.2057835543145963
1.3792907832669985
1.3018830919213704
1.2526483504285146
1.264381432781891
1.2025940632678023
1.2823021967198116
1.185446889997383
1.2242082610939289
1.2611808031714975
1.2284446734909473
1.5321243740693071
1.2159572759397488
1.3331438923139125
1.3001214009863478
1.307676338482625
1.3339458948004634
1.2874391050594098
1.295529737394763
1.2257433776256628
1.1843567242665716
1.2564287146194462
1.253537919661759
1.3099019809081287
1.202044880725961
1.3040297558468228
1.3418473399113844
1.2204084777750859
1.1977199517021981
1.21785268515716
1.3760740399778035
1.176081445024
1.2217085470555853
1.3294467042934919
1.2806466869445392
1.1730323763494357
1.211449577407239
1.167836338459518
1.2729940143235938
1.2469160396027492
1.3475040180303823
1.2470968028779617
1.233374220339517
1.189378622465409
1.2542606258514122
1.1571599976253992
1.263053013818793
1.1431222931564196
1.2760129273233276
1.2762506280346155
1.273962260184623
1.2293285263963156
1.271446277911395
1.2554786306730612
1.3128652583817904
1.3394767938846193
1.3017179509079462
1.2546524696533432
1.2098723991698592
1.261299474582796
1.1772978662138236
1.274847583391163
1.2510201869145703
1.2143793652530654
1.267062475295066
1.218129687098181
1.1965018206170845
1.203506713111029
1.3416180097011312
1.3352937429116125
1.1993123029384425
1.2890202952020966
1.2286769082110967
1.2071027188185899
1.2965540218847709
1.1644551457377814
1.2463518947371017
1.2295841286614553
1.1878246188855228
1.2201585080255932
1.3772176876172775
1.236704844844326
1.3099682060560185
1.2356607883255188
1.231513598968448
1.2111858188008648
1.3018514564686647
1.1432002764902842
1.268282794548849
1.1550753728388716
1.2194177967834339
1.1825670576481704
1.399991626778658
1.179577938413329
1.2491483568232735
1.2776748685473658
1.1900244619732696
1.166836422623824
1.2942796199362852
1.2686675930489846
1.1890823403467017
1.2774391433196364
1.2412826623714068
1.1661214077286377
1.2814704911662895
1.3461750488615796
1.1840163500123448
1.1757271933155387
1.3170716674349063
1.2441234243461605
1.230054223951979
1.1671258526631616
1.444077654727361
1.3333561209253912
1.562981618652351
1.217544913733591
1.1950399215380834
1.2103174169786917
1.128911542341141
1.2556794892067853
1.2318933750241758
1.2432464386110016
1.3122568519928213
1.3067599465305142
1.2742956578441282
1.165199597249119
1.2484795566089304
1.2518773309408486
1.2029198191140704
1.164305500640402
1.3168272996063872
1.2789540881743455
1.2594982468409543
1.194557835562735
1.1457260723763891
1.1834670084850538
1.2849651860481524
1.2672339633771244
1.2424846045338558
1.2282721487756798
1.3850500343691903
1.1977779072154993
1.2040781564248288
1.2344215861159562
1.1844161744895754
1.3805579133443162
1.2781226117287832
1.1867379843550487
1.2239405516729895
1.3104328221645014
1.2661065962021791
1.2862276400432338
1.2344514010198993
1.143671444209029
1.3062826459236023
1.2937413405712348
1.2006262408728174
1.1962560846301513
1.2833722953014906
1.2461664895472586
1.1715764790057832
1.190779273664794
1.2394339004761976
1.3258027962474277
1.147924346219919
1.2929262309608989
1.2012639270837377
1.2726762345116955
1.180303741155356
1.2157191077618952
1.2781845240514758
1.2592869570978384
1.3094549059237002
1.2100922740953408
1.1874042478067346
1.2699062281660831
1.2008299445038255
1.2162763579256095
1.299856979955921
1.1889244018125114
1.2687006720468643
1.2428066684421752
1.3179965708225867
1.3039677489059476
1.5099615711982468
1.2365499414042078
1.2401032259839304
1.202242292832691
1.2062978563374163
1.1874152437470493
1.2105231413167263
1.151218025998548
1.185571413792003
1.3176545741329926
1.2433275470758969
1.2625564398412796
1.3003603642674784
1.2150857902112921
1.2892211078597418
1.3379910489352653
1.328595410459456
1.2222705370343434
1.752955761787254
1.2864578397770607
1.2452739116742428
1.200061608636687
1.275795911542733
1.3227165456926289
1.2011842840135023
1.2050597202377855
1.1767784727544561
1.1891899079840718
1.2357462960114358
1.2239357862425364
1.1823035196042246
1.2431752891708598
1.2776803266438077
1.2800706311886247
1.2572415878854177
1.2729102786843938
1.1652086659875487
1.2355383665535469
1.1754497249535125
1.235234517868861
1.1772730571445862
1.194118124005082
1.2940128164041897
1.2202613096137944
1.2038061500622566
1.2346849175450723
1.2858427016617842
1.1701917468639496
1.2077577693291996
1.239315104951057
1.2335586551365936
1.244001128367718
1.1866947178148302
1.2337786053394018
1.202108800743406
1.2396172946328474
1.2634871836888995
1.5319695488702976
1.2418550142290001
1.3813636273380605
1.2463134143766623
1.1921015377198714
1.1742137880920724
1.1455811847487773
1.2618676765282135
1.259738875560625
1.3746612599790697
1.1774434638446671
1.3631302999959491
1.208948310967973
1.2628886153605625
1.1798066192770675
1.2851811976790946
1.2505807463852092
1.2294965128811148
1.2220607766677327
1.3129637955601006
1.1364027637666636
1.3031349076476142
1.3481128145684487
1.2897510231616967
1.2389427684863217
1.2516800552155165
1.2413014964117142
1.358640720406824
1.2910633788962664
1.1870674915601762
1.2621159777829378
1.1776350702457519
1.2557647252799815
1.142454254655312
1.3847449505950824
1.2637362299978485
1.208370253043143
1.2753759757599128
1.4414230092098301
1.220235504425915
1.2647707204486602
1.1874165160140313
1.244638353277753
1.2309092096806542
1.1604323928761275
1.2858495203931628
1.2232788245776323
1.2316960321642707
1.1898527423137775
1.167597790927431
1.3373229272204161
1.2724863070741965
1.2843928996591327
1.1901316981313514
1.2789360970660486
1.1389168947131811
1.163752920001455
1.2459321847338702
1.7482750061648273
1.258665805711917
1.1599848671036157
1.278819603397353
1.3621889580714515
1.1677240410286842
1.1239234224577888
1.3235268050722615
1.2004850425167333
1.2508036949074781
1.3206670685842852
1.2459165074008138
1.3094353434000086
1.2125290382745146
1.2671700419704817
1.539744166273897
1.3151141638068715
1.2178998929412943
1.1543798122948057
1.1716181159846313
1.164969929556239
1.2104696981258931
1.2337990177475477
1.2592940576075426
1.2454482364953439
1.3580999359059052
1.287957329317666
1.2386656152598
1.2520351551716469
1.2679684254956756
1.3111458010146135
1.2168970754395672
1.354780775268322
1.2035804952368114
1.1948221973988473
1.2211685143072715
1.2567121260343266
1.2527031214499156
1.2190311042164006
1.3816713029861984
1.2108396045677883
1.178683881370781
1.2528695752673003
1.2385607000308299
1.1297642101056873
1.1904679048133922
1.168516267359619
1.1709260624238647
1.3555138190932439
1.2076549284286455
1.2215223562693138
1.2612584572676713
1.3725768778937648
1.3169428222122093
1.1682448764966131
1.351946803473461
1.2549563260177639
1.1710362276908213
1.17376349202525
1.2544784924735997
1.3415947806529684
1.2108430608267273
1.2856703144697057
1.3202026458617706
1.3256514710946876
1.2177366636540752
1.2430609194094628
1.232385034838675
1.2206843567010424
1.2954384922831514
1.1680402388009101
1.245131555293055
1.3386527990919959
1.3378151044457596
1.2311058756090656
1.2367721228399695
1.1695054365037103
1.2124233853911197
1.2669835665488656
1.2887090173022007
1.1994819393852427
1.2925830655666106
1.3045808114427044
1.326176495800593
1.182682915867507
1.3360148547378596
1.249957279513792
1.2836730515648855
1.32315016555417
1.2381106774006199
1.1986905124760108
1.2526034313210648
1.248866854107029
1.3461847378917395
1.2390867655019928
1.2138397725181242
1.2353823841374854
1.209419475084694
1.2572294376250133
1.2422280750925712
1.233543679822823
1.2281370442788513
1.2423898412794367
1.266965930925682
1.235706444897666
1.3558414000876633
1.258819519393391
1.1766574052775902
1.2237241897269933
1.1554512652754727
1.1900406350157056
1.2209887123381067
1.1712257991948365
1.3115682647203584
1.2331731857818156
1.271245428708544
1.2025725304406976
1.2835407682268023
1.3103201514975416
1.1795012730485794
1.2483460630746717
1.2162130690067914
1.2552637810208513
1.3724481013928693
1.2558004935988438
1.1964130672781232
1.377595349279428
1.2688368170510336
1.2563576183108434
1.2253882839182102
1.2504470968203614
1.2533175088171775
1.2944306641297667
1.1806366955409853
1.3093477426117501
1.3404061386552686
1.4616469601961912
1.5107500267703928
1.3084540367581152
1.1993337727496873
1.1822018076301117
1.22967843365036
1.2795767371613451
1.2347197301737298
1.191515054135109
1.2121840582861143
1.195093014345661
1.4140878300676858
1.2177229279412243
1.1679855709387224
1.3134828670452154
1.2474952669626123
1.211215249724931
1.2787840870853422
1.1606501356412704
1.2781595812531854
1.2278756705727294
1.187080354131108
1.1872637017721919
1.1469775536685043
1.237861203132094
1.2412973178259192
1.2088573678039705
1.2867524703779862
1.2167091151528175
1.253294003224754
1.2922372924011358
1.296715313911234
1.3186014078189396
1.3417349450629632
1.2461810219271234
1.2248602322090285
1.2913952744117352
1.2029685941128467
1.2102500572086812
1.1759392986159065
1.2979032037552904
1.279565783388466
1.2211407083502628
1.1672356843973137
1.1767867585165195
1.2417845009639978
1.2447617418073538
1.1692853846024611
1.2738069763264388
1.1675312460844103
1.1295392876376844
1.2290260511521194
1.2926393859525562
1.222373512303465
1.2259265446168208
1.2717464871265516
1.2218141574768167
1.1625027480063803
1.2609536297523223
1.338416287177483
1.2618782572304603
1.2927657856081824
1.2956510414798332
1.283339412388889
1.1432277775495245
1.2172047185458512
1.2369730443520592
1.2324257357863058
1.3063956513900519
1.2259848767760098
1.3416198469936382
1.3295515910998674
1.3066604616468664
1.2523956929829243
1.302565282440515
1.3053048229975603
1.2285514025198154
1.1931108066667895
1.2454600227480073
1.259587519184708
1.1757942491324433
1.2782425364098104
1.2883644686856073
1.2333274221283115
1.1862016938618305
1.190642820922076
1.194405523311271
1.2052348512905195
