1.00004027458462
1.000003818693597
1.00000001426084
1.0000977520724403
1.0000052512016038
1.0000001167969221
1.0001056676483289
1.0000985578554333
1.0000114667619204
0.9999999923174351
1.0000000057364797
1.000104138727152
0.999999992327594
1.0000072554011799
1.000100656933829
1.0000142116072177
1.0000002499329372
1.00011096589272
0.9999999978346408
1.0000006352741808
1.000000179044789
1.0000108575143025
1.0000004879997746
1.0000001493525792
1.0000000277061365
1.0004816280788722
1.0000136308710017
1.0000035505322238
1.0001506561460611
1.0000013129967462
1.0000000852738775
1.0000016683499562
1.0000002799759518
1.0000076572091379
1.0000266736624295
1.000000103365112
1.0001656628628166
1.000009632571312
1.0000078632676808
1.0000039332893425
1.0000035929882187
1.00000024174682
1.0000002731172302
1.00001404370967
1.000015262746986
1.000007808824807
1.00000056457257
1.000015867617454
1.0000040797127974
1.000001036051787
1.0000370822735647
1.0000039528443072
1.0000099090260848
1.0000029498607292
1.000007740091828
1.0002012862908858
1.000013228814511
1.0008831038291501
1.000358413666365
1.000220185959401
1.0000045460108475
1.000006846030284
1.0000053759445262
1.0000059546978808
1.0000126864305128
1.000021557103457
1.0003230594091246
1.0077280814938452
1.0000061016430912
1.0000090514115565
1.00250368642932
1.0000230352525226
1.000956042796546
1.0003250909140788
1.0000133825626867
1.0000129092011705
1.0001597083285665
1.0013767996893257
1.0000099319739242
1.0000006400367343
1.000002223377928
1.0000009642622316
1.000001989315641
1.0000031936019071
1.0000071254333014
1.000001693666112
1.0000062766195326
1.0000022203653915
1.0000001602511297
1.0000063151446286
1.0000000401490903
1.0000331885766032
1.0000008348485978
1.000000385481361
1.000001469697048
1.0001179892729959
1.0000006434144513
1.0000094180490655
1.0000981014697548
1.0000152439624659
1.000000014079569
1.0001087576095113
1.0000016867452453
1.0000000041349058
1.0000002036774145
1.0000000201694743
1.0000001906052332
1.0003291551429874
1.0002368835128201
1.000011825404559
1.0000001424630307
0.9999999981360064
1.000000041543532
1.0000004499049573
1.0000000135428107
1.000000023135214
1.000011584092234
1.0000059484633352
1.0000034759137946
1.0000003589432285
1.0000104839890365
1.0000040114220228
1.000015221143979
1.0000100789286195
1.0000000067389045
1.000000059964277
1.0000000342730768
1.0000000624339702
1.0000011900229162
1.000006667517456
1.000000480227068
1.0000054060407484
1.0000001143760426
1.0000000045929323
1.0000000322297193
1.0001393234751699
1.000000672182782
1.0000009845687918
1.0000051492964948
1.0000169209270795
1.000200476701744
1.0000248427417944
1.0000226575030755
1.000000008929012
1.0000201605865635
1.0000106969672538
1.000000263728186
1.000008945915014
1.0000138643416556
1.0004485397845455
1.0000002567306019
1.0000004213516238
1.0000108978376696
1.0000000139781982
1.0000115343750187
1.0000001933985856
1.0000638090304657
1.0002452092966783
1.052792492723633
1.0115784360199378
1.000046085037212
1.0024783724223434
1.01738266226545
1.0185701248503372
1.0021300789247076
1.0159197077472617
1.0257000210049558
1.0000092383110903
1.0009544526762417
1.0194250966230805
1.0000091896683616
1.0000092662490783
1.0000112093320759
1.000009066368607
1.0458542912967526
1.0000195345077816
1.0000464768494362
1.0000071629982574
1.0000176618455434
1.0000335648464784
1.000000712901148
1.0000186749779878
1.0000222485289405
1.0000001995791004
1.0002342979552852
1.0000000372173241
1.0002208484417439
1.0000004827415063
1.0000003687728325
1.0000000113409724
0.9999999996486822
0.9999999929944424
1.0000067189141575
1.0000162787341549
1.0000002509011183
1.0000001210323808
0.9999999974808091
1.0000106686259276
1.0001383330244786
1.0000303806776691
1.0000007534304962
1.0001733715626486
1.00000076898163
1.0000001148938038
1.0000085325494712
1.0000000776995916
0.9999999944918331
1.0000000034917513
1.000000882844337
0.999999993996389
1.0000009725686227
0.9999999957598263
1.0000047935281933
1.00000002540771
1.000000060322359
1.000000924253381
1.0001265127915837
1.0000005810518968
1.000007532942798
1.0000470615641055
1.000000053752144
1.0000007776653839
1.0001897018275547
1.0000742923753692
1.000000237316065
1.000247903963137
1.000000025071995
1.0000002019041165
1.0000133712132828
1.0000238854892247
1.0000002215044952
1.0000000634900936
1.000000712364702
1.0000052830281818
1.0000009154745795
1.0003349169255205
1.0000018219910793
1.0000055041179816
1.0000023215314564
1.0000543084681734
1.0000029596394349
1.0000027474577091
1.0000033617807913
1.0000066508411791
1.000000551995503
1.0000005432667578
1.0000122321734624
1.0000904067365177
1.0000282332000001
1.0002710030016972
1.0000044680269444
1.0000082288317957
1.0000020764689082
1.0000204979631646
1.0000271838399704
1.0000161328843347
1.0023679312371772
1.0000143765222789
1.000005404149043
1.000125145135321
1.0009083062219764
1.0005127559420395
1.0003403585843376
1.0002798357411302
1.0006007410514388
1.0002515241138026
1.0016439791591485
1.0021997409409793
1.0007422324001223
1.0026954079120651
1.0028473027998404
1.0024548271189877
1.0006067423093838
1.0003595731129113
1.0275452869818424
1.0000049863119178
1.0000320375729665
1.000025620521222
1.0000208376066415
1.0000343078745602
1.0000094617515418
1.000021776964134
1.0000062184344207
1.0000224034163756
1.0000034043464432
1.0000399169590535
1.0000017755603456
1.0000004157649416
1.0000154444128564
1.0000047924823265
1.0000007048860946
1.0000210060419468
1.0000053839169272
1.000000095114857
1.000453659030707
1.0000306963957124
1.0000032104857877
1.0000166258770613
1.0000189380635804
1.0015557812447302
1.0001872267890362
1.0000004275375387
1.000003511533312
1.0000043345228837
1.0000017823202612
1.000011466628888
1.0000133324050515
1.0000498952414043
1.000025974567093
1.000017218395343
1.000003079195617
1.0000537639165075
1.0000117763937217
1.0000028573716573
1.0000059711131053
1.0000081621963064
1.000026907295646
1.000036214674386
1.0000133976835492
1.042622443560768
1.0000004282201962
1.0000144081801738
1.0000078013514597
1.0000030808094704
1.0000156628082297
1.0000057971849894
1.0000014156280552
1.0000077305194746
1.0000001428167096
1.0000218882118954
1.0000008894153163
1.0000177310109546
1.0000025351480333
1.0000043745379037
1.0000029018894439
1.0000051688244194
1.0000038224053438
1.0000197657374919
1.000009791168297
1.0002764377550877
1.0000274064756125
1.0000051351865265
1.000018540767421
1.0000105691478678
1.000029893477791
1.0000256271770491
1.0000198824963078
1.0000063358471034
1.0000657384424179
1.0000172217336745
1.0000162071917666
1.000010212431614
1.0218233585528438
1.0248469101619746
1.0143772101631352
1.0399438175055362
1.0425635171693974
1.0424957682620535
1.0011959189619173
1.0006826437297114
1.0000085665841272
1.0292470259881197
1.003608271229585
1.0000078602423603
1.0000018561435238
1.0015125092728487
1.0000067422167407
1.0001192109418773
1.0000039079586656
1.0000006298168322
1.000031276032735
1.0000157682814586
1.0000318570946942
1.0000178352469948
1.0000000077088884
1.000001326837004
1.0000050239109142
1.0003128701626385
1.0002685770952917
1.0001012577192612
1.0002182333691867
1.0000160361916186
1.0000043767071078
1.0000071347203983
1.0000970419117021
1.0000004538464036
1.000008433845739
1.0000001068018136
0.9999999955076698
1.0000002918446123
1.000006906271304
1.00000385129378
1.0000172054664447
1.0010984236310432
1.0024526805611138
1.0026630225739916
1.0015883642319612
1.000560642446745
1.0002789979782494
0.9999999983593952
1.0000000066430623
1.0000257520757905
1.0003309158112825
1.0000004088457517
1.000000008618459
1.0000001043225597
1.0000028341676899
1.0000132597984008
1.0000003503490713
1.0000001712692914
1.0000071548115352
1.000009168640141
1.000011402092832
1.000016641405794
1.0000005744806786
1.000000049379874
1.0000206047306255
1.0000011199271157
1.0000021369990917
1.0000029957440075
1.000001574176603
1.0000005525018145
1.0000004758640106
1.0001609889958503
1.0007782393260278
1.0000011174771917
1.0000003313348433
1.000003218738435
1.000001197527863
1.0000737898692627
1.0000012101475
1.0000003517567333
1.000000498699694
1.000000100940826
1.000023002711648
1.0000001694621579
1.0000000445081805
1.0000029156062735
1.0000198803497722
1.0000007045008694
1.0002228854659427
1.0004006544278328
1.0004442758777856
1.0002216722336201
1.000222807958465
1.0000021496103415
1.000005370957298
1.0000191588249354
1.000015428599254
1.0000185791318326
1.0000141283918567
1.0000329487154067
1.00031255991862
1.0003186974215423
1.0000100726293069
1.0000000395383144
1.0000413080692685
1.0000215726203772
1.000017704012178
1.00068888449269
1.0010695479050096
1.0000375169598756
1.0000307660751009
1.000026020260428
1.0000143566964987
1.0000072264113624
1.0000003031755724
1.000001556637727
1.000008522764087
1.0001270412590093
1.000023031084271
1.000000207321389
1.000001299185886
1.0000003362935233
1.0000001067083573
1.00000274628943
1.000019022128907
0.9999999940791102
1.0000054531494096
1.0000056306148524
1.0000000966711116
1.0000378765490419
1.0000007966648052
1.000468159047701
1.0006231257925853
1.0001646211979833
1.0004553009326138
1.0000124442276495
1.000003107116705
1.000009750997755
1.0000042481439142
0.9999999940812178
0.9999999931827896
1.0000010090640274
1.000090856168831
1.000000008264073
1.0000229353835384
1.0003927063205482
1.000002996221031
1.0000080922883374
1.0001040254419016
1.0000025856284338
1.0008426237821686
0.9999999982738542
1.0000006031181456
1.0001244761817476
1.000246618876241
1.0003348042478244
1.0001451851347019
1.0001330286761902
1.0000022716396517
1.0001579150380413
1.0010362331370386
1.0002771851036094
1.0000041231095762
1.0000001073501823
1.000000376304303
1.0008313076891568
1.0000066350408283
1.0000144111023461
1.0000000487080951
1.0000041232013646
1.0000025328295348
1.000000583032347
1.0001360708262312
1.0002875203050388
1.0001679510530017
1.0000008278358445
1.0000101446481655
1.0000056879976116
1.0000923072720858
1.0000205092037286
1.0000019002496334
1.0000271952231437
1.0000270297995224
1.0190338894403934
1.000009386588515
1.0000295020776253
1.0000397376239116
1.151831193697475
1.1390618573881441
1.0000021011616345
1.0261168098683324
1.066888712932612
1.00035681411654
1.0324607795485032
1.0002516859807706
1.0000258312945012
1.0000212750280693
1.0000186819898151
1.1621786896145458
1.1462373433322435
1.0000210617034835
1.046732970417907
1.1549291901346712
1.1458622915153633
1.0000048605136944
1.1092227404885993
1.053766248783518
1.00000994309288
1.0000288677940863
1.0000125900711885
1.0001584447701595
1.0000283090499276
1.000000859096442
1.0000026011036534
1.0000975187942325
1.0000003343724861
1.0000025693795398
1.0000195076508978
1.0000000420357167
1.000101190996591
1.0000000151376067
1.0000126258908226
1.0000021519388886
1.0000002993500627
1.0000064223565992
0.999999992393471
1.0000166826437336
1.0000247124739425
1.0000077835167582
1.0003093203349325
1.0000332266497944
1.0000054932123896
1.0000002324437272
1.0000254243208508
0.9999999929443509
1.000000136213849
1.0000005463911974
1.000012085650861
1.000003500325985
1.0000001586665175
1.0000043081496037
1.0002474825855665
0.9999999956478424
1.0000034311899426
1.000033839490259
1.0000126770030482
1.0000047700402253
1.0000000644040445
1.0000005418610391
1.000000002327816
1.000006106918811
1.000000007065032
1.000027331398287
1.0001316876055166
1.000000050289855
1.0000000851011495
1.0005960073895668
1.0022014654356368
1.0022402581610286
1.0046974138459601
1.001413421576512
1.0025776982659103
1.0065149663773947
1.0049298530434383
1.0043306544734456
1.0055271724116164
1.005691205007173
1.004115157192079
1.0000068311878063
1.000129470974024
1.0000040642444206
1.000121451610609
1.0002433604457712
1.0000012097595894
1.0001957913869348
1.0001013768980491
1.0001965216796753
1.0000866486354925
1.000025520299762
1.000264556855845
1.0000328389503736
1.0000135491673043
1.0000208103485624
1.0000053050711075
1.0001982636599382
1.0000578276585732
1.0000453931812279
1.000005992919458
1.0112014501206261
1.011726904109229
1.01337343753279
1.0111842230250219
1.0137113913645242
1.010458932668752
1.0100549704397828
1.0110381179660812
1.0135853497085676
1.0108271908378073
1.0124683792758278
1.0000253536399435
1.012447784823708
1.0000079877763577
1.000015239333067
1.0000092770941786
1.0000043064220063
1.000171272488363
1.0000000823688142
1.000037185633563
1.0000002255631886
1.0000045182109916
1.0000017043481222
1.0000000915673044
1.0000134856791187
1.0000009310821105
1.0000029866816404
1.0000139385354183
1.0000095507578899
0.9999999940196401
1.0000136853694714
1.0001082176805354
1.0000148403294606
1.0000027365318087
0.9999999945171223
1.0005388306465528
1.0000000023306619
1.0000019909949045
1.000012178472938
1.0000024019742946
1.0000038319800006
1.0000972971226807
1.0000026569602762
1.0000158160593773
1.0001127872012812
1.0000033151309726
1.000027634431636
1.0000305381404688
1.0001165802169105
1.0000989806948621
1.0002097189096089
1.000001860466483
1.0000003213682305
1.0001057748435132
1.0000052171279967
1.000000028484686
1.0000009836419868
1.0000000731737395
1.0002458399450862
1.0000000315087931
1.000003302884973
1.0000107140342827
1.0000151877393202
1.0001600567353146
1.000852457147244
1.0000000650002525
1.0005394606384428
1.0004414791904115
1.0000020994468113
1.000334111811264
1.0006236475608061
1.0000114918358294
1.0001812867636495
1.0000055067646316
1.0000022208571004
1.0000037977462808
1.0000021729385513
1.000002038714874
1.0000130687687863
1.0002892463824646
1.0000099662682316
1.0000047915380184
1.0000001004882022
1.0002027807243854
1.000001117293635
1.0000097282421667
1.0000004579802972
1.000000064497915
1.000254492879191
1.0000041967623057
1.0002406422651307
1.003626758871096
1.000592071437427
1.0036069268257903
1.0058751942884376
1.0049130378999835
1.0059034042964734
1.0055142417399017
1.0038404468085622
1.1304118965616747
1.1346830731951516
1.0438831436769507
1.142270549871786
1.1384682647723103
1.0342903720744063
1.1558802165659712
1.1463746176663008
1.1647172578959233
1.1530467507708275
1.0236061982860085
1.0000056057403945
1.0000256720001253
1.0000018978247094
1.000031281628834
1.0000125212539377
1.0000346802540838
0.9999999985976067
1.0000034332665364
1.0000007443810504
1.0000223679416564
1.000000091088492
1.0000019971730165
1.0000042267730371
1.00000423300018
1.000000495322116
1.000117301097394
1.0000089376471968
1.000000312512857
0.9999999970576349
1.0002034992714302
1.0000102616031765
1.0000958507046376
1.0000588059172582
1.0000488222657105
1.0000296155993613
1.0000000004753862
1.0000011775137472
1.0000023943050989
0.9999999966552896
1.0000042246490115
1.0000020946624717
1.009898364991124
1.016774565335063
1.0201246325953461
1.0225229578048636
1.0254097659051744
1.0216288539597251
1.0212558831095429
1.014580109590395
1.0087964934013403
1.0191060039725413
1.0151075702034502
1.0001086439847395
1.0001086137797663
1.0000244481888088
1.0001228255021801
1.000003385748651
1.000033830638129
1.0000001490489743
1.0002112403340346
1.0000160760434447
1.0000014370123382
1.0001735926574054
1.0000070707086657
1.000000652255111
1.0000000781560745
1.0000002069734437
1.0000001446719402
1.0000171358178118
1.000269993232694
1.00001011690809
1.0001440520941385
1.0000050692573503
1.000214360191991
1.0001100829233285
1.00000010331965
1.0096810698717091
1.0000098527529513
1.0002304989996207
1.0000121624625236
1.0000060055934192
1.000000451858984
1.0000725514999698
1.0040818377723217
1.0000307609049992
1.0000187868651982
1.0071879225287022
1.003076477954945
1.0017180655670763
1.0027053252350007
1.0024601662660366
1.013311071216054
1.0009495675472924
1.0045311213937556
1.0083515487244485
1.006789345624052
1.003442080229188
1.0054817006343952
1.001996418456561
1.0012038717441774
1.0067677297804016
1.0021650425358337
1.0028743644932823
1.0063699202469858
1.0090895495438126
1.0072751678641696
1.006968047471961
1.0075812456267705
1.0069126483633841
1.0000118159809759
1.0000851394480124
1.000004843130929
1.0000027664670008
1.0000008189864273
1.0002321806437877
1.000009666013022
1.0016918625691984
1.0000675683654516
1.000006914562224
1.0000064139432994
1.0000048460524635
1.0000011298992357
1.0000031342092097
1.0000039810016936
1.000024611921672
1.0001974905932443
1.0000023224688035
1.0000037714236305
1.0000039671431022
1.0000024177676097
1.000014570553785
1.0000023968622482
1.0023719238660833
1.0009050481557722
1.0000771809939075
1.0000982878366966
1.0000770239309706
1.0000935139478204
1.0001251936970221
1.0002387986626147
1.0000439324258645
1.0000055597002568
1.0000139300910822
1.0000018040473606
1.0000059705979725
1.000005967917208
1.0000015233305448
1.0000040207345398
1.000012885503079
1.0000007772265411
1.00018722689741
1.0000375280638694
1.0000186793384043
1.0000022726871376
1.0000001250418262
1.0000001603557123
1.0002014710279767
1.0011070696165187
1.000012084061867
1.0000003277767813
1.0001644590788554
1.0000169961754404
1.0000005664730671
1.000010318344096
1.0000010813607592
1.0018041599718155
1.000000642114413
1.00000095125727
1.0000019630942154
1.0093816441396808
1.0060817654829313
1.0081010694149968
1.00303372820135
1.0034556293844856
1.0056993720220688
1.0085709443803716
1.020102921065595
1.009320514689262
1.0124378621992565
1.0107537538069697
1.0002122085826473
1.0000352575694427
1.000211294241363
1.017269770027833
1.0283487241243254
1.0286256296528091
1.02660109748934
1.0205539531009504
1.0235814734768136
1.022183508287522
1.01772470791941
1.0154156573264483
1.0139358140396468
1.0092900563287588
1.0128933142515046
1.0118227656272265
1.0125548959444826
1.0141110110682163
1.0173056344104612
1.0209363285855682
1.0239496682414881
1.0200414769033481
1.0150886430653157
1.0146460527570287
1.0120217065358943
1.0000145825234361
1.0000046138433625
1.00138589075139
1.0015605836920425
1.0002887019683704
1.0000111606762243
1.0000072335500814
1.0002929631549518
1.0000020165195949
1.0000134391196733
1.0000026954023964
1.0005286378818388
1.0000053560483873
1.0000011382312004
1.0000116521968407
1.000000829088882
1.0000037973068665
1.000001923239582
1.0000184972102266
1.0000016745738929
1.0000118346952949
1.0000012285905246
1.000006128326313
1.0000553743944496
1.000000685927363
1.0000046819969945
1.0000029696830388
1.0000031274921957
1.0002275830991778
1.0000104071052565
1.0000244262307512
1.0000217609432813
1.0000300100950144
1.000006159594142
1.0000093899246651
1.0000050016125723
1.0000023216715388
1.000003859153613
1.0000040179968415
1.0000055492019255
1.0000023292150035
1.0000121134992057
1.0001782280426355
1.0000165832596153
1.0000020180876439
1.0000025119350835
1.0002076659293584
1.0000053789249161
1.0000163839752465
1.0000016430886518
1.0000004002482266
1.0000006864610278
1.0000008457661054
1.0000006422874859
1.000000966744081
1.000005603918341
1.000000910125486
1.000002477271655
1.0000106125671617
1.0000008259486752
1.0000204443493408
1.0000436008841045
1.0000299978877465
1.0000005539541095
1.000218613553606
1.0003061796550476
1.0000028725597399
1.0000289556043034
1.0000323976464272
1.0000014100010914
1.0000005735517594
1.0000322132972692
1.0000003791796397
1.0000064138327085
1.0018502870244146
1.0000126137149934
1.0055141850606732
1.0000366127483262
1.0000204087232458
1.0002777001091456
1.0058290744504426
1.000021452656015
1.0000148992202083
1.0000473067872289
1.000028410066411
1.0000058305943778
1.0150735292233763
1.0138396647734453
1.0135177810375655
1.0276257247024259
1.0000614164026196
1.0046280570481256
1.0000225225110475
1.0000229408581447
1.0000088140136143
1.0000039940426266
1.0000044146091522
1.0000036802237637
1.0000841863619556
1.0000031550625579
1.0002128624718327
1.0000008099540851
1.00201837325359
1.0000011744716801
1.0000008355584293
1.0000177436571447
1.0000083640838984
1.000168832293114
1.0000060735529979
1.0000002669170944
1.000013797069009
1.000008007477046
1.0000068053913345
1.0000073685895123
1.023464814045233
1.016558254343628
1.0001826410709023
1.0444059785538768
1.0000045524885244
1.000000068771085
1.0000004139490215
1.0000020712656112
1.0000000029993938
1.0000025104667116
1.0004043370479851
1.0000031417510002
1.000000050936485
1.0002744915452357
1.0000140351147981
1.0000152584211754
1.0000049236583588
1.0001187053418181
1.000003064120304
1.0000003237080513
1.0000039075970246
1.0000000085171985
1.0000003304497238
1.0000334944309777
1.0000003395272372
1.0000007640880486
1.0001915993695525
1.0000123300685824
1.0000009782747976
1.00000240242864
1.0000001879493532
1.0000424517400657
1.0000186666345054
1.0000014066030798
1.0000020523363744
1.0000022408376381
1.00000377010928
1.0000049299866027
1.0000046974503232
1.0000051158031042
1.000001438057137
1.0000039866785964
1.0001816249674906
1.0000059640626222
1.000021322527104
1.0000246575037983
1.000015381063476
1.0000003637731514
1.0102721132289167
1.0007118545942946
1.0006901115248559
1.0000108997060497
1.0023350277472853
1.0000042022751214
1.0075280290817916
1.006677643158235
1.0031561653443528
1.0008815327876512
1.001806001369817
1.0067194026268875
1.0134381516237478
1.0004922779124235
1.0165209961221706
1.0171637896395502
1.0199036642083754
1.02159624636322
1.0258839024729074
1.0230138415678738
1.0210741727897557
1.0211821345004424
1.0186461687802135
1.0138547918953227
1.0129155598862918
1.0003418798757873
1.0001319491592369
1.0000917693668738
1.0002533223716523
1.0006559253894582
1.0012168349771264
1.0010283323042368
1.0017674010939626
1.0023262612538533
1.0017204451978212
1.0020238953010392
1.0012004228551006
1.0010220282634674
1.0001113730280313
1.0000010241840496
1.00033409452429
1.0002108342455858
1.0003115570683658
1.0000012809674863
1.0000001072234217
1.000003673029355
1.0000041751742963
1.0000026473768941
1.000006476177691
1.0001128218864042
1.000115796467574
1.0002009348053815
1.0003127806969287
1.0002681694757418
1.0000019273234708
1.000010608226756
1.0000038918219878
1.0000013952715259
1.0000001034484791
1.0000129816190497
1.000110508711092
1.000015908734992
1.0000000005531628
1.0000014673577262
1.0000039865858774
0.9999999988542229
1.000000190643511
0.999999997465675
1.0000000713521382
1.0000000115806607
1.0000103826820124
1.0002586528697184
1.000000017892492
1.0000065001228924
1.0000498408173095
1.0000002178170802
1.0000004763110177
1.0001648035712853
1.000000019366907
1.0000002539533897
1.000007838931026
1.0000076747492666
1.000000049281414
1.0000002982042593
1.0000041238501933
1.0000059856863293
1.0000001474873792
1.0001412651555857
1.0000066573457147
1.0000000978564072
1.0000066795554317
1.0000001971795627
1.0000004471642014
1.0000059183597398
1.000000743297679
1.0000014796149286
1.0195015026827208
1.0204838039810027
1.0197987998269968
1.017035261194422
1.0123460757189269
1.0057223012355603
1.003650318715053
1.004686222728497
1.0084739719005662
1.0092240540030226
1.0007552305982537
1.0005213520455292
1.005095446442104
1.0005278266729574
1.0038722130071127
1.0047729581349405
1.003999914967591
1.008014332833125
1.0073893017618116
1.0086541160865032
1.006672278072884
1.0021216796153802
1.0001144794031076
1.0019908747955752
1.0011972065682004
1.0024674747492381
1.0015824160460924
1.0000052783757993
1.0000053031665879
1.0000586429445257
1.000002038346021
1.000002241109441
1.000008378678447
1.0000005282071966
1.000001263769323
1.0000036945563628
1.0000011299397549
1.0000011834467002
1.0000193894753142
1.000003714500781
1.0000023839615877
1.000002217195142
1.0000076553313817
1.000009355584028
1.0000001191460561
1.0000081643323706
1.0000000063420182
1.0000000030259972
1.0000000023904876
1.0001229511884862
1.0000066625018182
1.0007265907521985
1.0011620005662616
1.0012579913878796
1.0000001212338065
1.000009422165813
1.0000001263125993
1.00000009131118
1.000002996672956
1.0000029057009348
1.0000000295015252
0.9999999927359335
0.9999999926780347
1.0000136781834341
1.0000258840440683
1.0000030527644155
1.0000033667388966
1.0000001514431427
1.0001446831343337
1.0001029527344183
1.0002499541011205
1.0000014980348575
1.0000001703443686
1.0000034530092268
1.0000013695508683
1.0002875743699473
1.0000738252475003
1.0001547367393127
1.0000142261544698
1.0001258971007467
1.0002679027263304
1.0000015918535397
0.9999999926701166
0.9999999960523446
1.0000000217117293
1.000000780374156
1.0000008846057522
1.000001191015439
1.0250847231815619
1.0000000211029827
1.0297975698907045
1.0315191105721628
1.0367403023142268
1.0020383886782045
1.0414334667926766
1.0418147635659787
1.0227736244641348
1.0284602772823237
1.0381495832921448
1.0436841923350393
1.0409481636771698
1.0175743483300328
1.0000004064952044
1.0041221666499025
1.0043220105173376
1.0037165515268418
1.0000008232860582
1.0000010117320477
1.0052102750206275
1.0021445625002554
1.0000036840444744
1.0027213317944996
1.0064987229388942
1.0094815561748405
1.0070020349877191
1.0090542543140308
1.0101933341790938
1.0093198855298922
1.0080289141362695
1.0044340134645373
1.0044188367591833
1.0006856164901137
1.0000073922422914
1.0000061960775546
1.000000707138447
1.0000000286925945
1.0004403980969274
1.0000539727026307
1.0000000080315374
1.0000014436554838
1.000007621460446
0.9999999970362179
1.000000017493152
0.999999992391885
1.000000133420663
1.0000000193228886
1.000116252381996
1.0000028164269574
1.0000012080261675
1.0000060985296595
0.9999999923616075
1.000120069516235
1.0000106490569458
1.0000001551391107
1.0000001765579383
1.0000004645366263
1.0001289520860095
1.0001296274563285
1.0000110542045053
1.0000000597202316
1.0002212070217886
1.000009290283574
1.0000040637167542
1.0000000698880338
1.0000000500988466
0.9999999929876608
1.0000014138417395
1.000117076041856
0.9999999924625921
1.0000000027674174
0.9999999927390697
1.0000024841806165
1.000000133833476
1.0000001123848958
0.9999999926269106
1.000006322327488
1.0000001785427823
1.0000035486191288
0.999999993156323
0.9999999931086848
1.0000020806092857
1.000000041795642
1.0000017800425738
1.0000061765831914
1.000008362968329
1.0377927660982138
1.0378864940149695
1.0001931808835955
1.0000001860203178
1.000172708617497
1.0000000365252695
1.000016192580964
1.0000098804979085
1.0000000333591226
1.029751758816641
1.0140893354125822
1.0176514212586054
1.0252478190385257
1.0300357253834078
1.0295222805498199
1.0275129883457823
1.0096796328346715
1.0339552274520876
1.037156546383655
1.0263743161710794
1.0201695873665613
1.0209417033342425
1.0186527971074968
1.0144943501729418
1.0102023806336724
1.010467354209244
1.0108933562339388
1.002898713845346
1.000707789199768
1.0044611417660518
1.0069915396056799
1.009799266402765
1.0088258601388962
1.0161896985283025
1.0112268294011948
1.011205008757859
1.010464460686654
1.0102323346339122
1.0100046084160708
1.0101099342677073
1.009471241270061
1.0133282106064154
1.0074234426317463
1.0068379977862258
1.0039068161637763
1.005652270292259
1.0000253415484954
1.000002394211577
1.0000076063430217
1.0000001572322834
1.0000385968354726
1.0000046409083625
1.0002835647890163
1.0000033197071296
1.0000089788973063
1.0001582290429525
1.0000069850276312
1.0000110411421739
1.0002342523582928
1.0004088363334611
0.9999999932822333
1.0002471540747953
1.0000004714805348
1.000151508062966
1.000003472683051
1.0001317787558048
0.9999999935471344
1.000002689442723
1.0000007312297505
1.0000009592508807
1.0001131447483067
1.0000003539337994
1.0000118777211968
0.9999999965752969
1.00000308463201
1.0000019233334678
1.000003266235172
1.0000103625415488
1.0000019999494598
1.0001205671155575
1.0000024305625623
1.000011200886124
1.000002485739238
1.0000065102412934
1.0003901416020922
1.0004309332562937
1.0005015588902735
1.000007720608308
1.0000050287135285
1.0000232073140642
1.0001583099971982
0.9999999958691641
1.0000507986836769
1.000002809775879
1.000000334444061
1.000000393516554
1.000003501190322
1.0000116564173793
1.00000253052036
1.000181585675454
1.000000146451135
1.0000029754827005
1.0000001451181615
1.0000000264389401
1.0000022398783401
1.000125629814685
1.0000003111138527
1.0000206277963466
1.0001970322777887
1.000000621046077
1.0000005716028535
1.0020448989753221
1.0002108679632828
1.0000080134900307
1.0000257653390436
1.0000213651016485
1.000008075999918
1.0000232988828057
1.0000074122895504
1.0052854219643315
1.0123753144017034
1.0039277650853935
1.007908041415168
1.0121245977611473
1.0282756488108749
1.009114511280019
1.0081568636722344
1.0011917917179047
1.0038303475428805
1.002668829750757
1.0017926192594484
1.0009590539266346
1.00017579334736
1.0008681962819457
1.0014763768525774
1.0004014323806032
1.0034532542062056
1.0025092107203322
1.0027097629227786
1.002793463455731
1.0048022451048257
1.0042937848167992
1.0048106003467536
1.0083166587870858
1.0066792388045702
1.0043866377380843
1.0000039719624276
1.000003449914791
1.000001606246247
1.0000083529403592
1.0000530334167232
1.0000101638581966
1.0000094376301112
1.0000015276225733
1.000000758181767
1.0000600684979117
0.9999999977913557
1.000004573074717
1.0003514968682337
1.0000022637252513
1.0001451293911718
1.0000025193854591
0.9999999981121978
1.0000084581399717
1.000000070326908
0.9999999943026535
1.0000001018768618
1.0000000001281908
1.0000000062519985
1.0000005637463187
1.0000043069700604
1.0000061859318932
1.000000626959869
1.0000710885225466
1.0001500499740306
1.0002795883395468
1.0001724736423492
1.0002631876077153
1.0000106678837162
1.0005316025443134
1.000221276743451
1.0002066841623092
1.0000172936580183
1.0000275776191476
1.0000000778475824
1.0000304269058566
1.0000041898060517
1.0000886172778793
1.0000169491434012
1.0000340424336303
1.0000012353898249
1.0374898980032545
1.0000683589728288
1.0223658601580405
1.0002585552415295
1.0000279235121332
1.0223417729739857
1.0201337395384977
1.0207124502393177
1.0124267174027983
1.0133777693233097
1.016299859576572
1.0122301543920786
1.0122132386475235
1.0084405254347106
1.0066322788184305
1.0011596631736062
1.0023661528317134
1.000507645409691
1.0065204262484253
1.0064949106033076
1.0041171022543824
1.0030933451149804
1.0023677624264322
1.0103221470784869
1.0096732654745095
1.0125514902076687
1.0122470430349069
1.0086300234279686
1.0143472478559916
1.0186596582837937
1.0182894165158993
1.0188019574810738
1.008279411562787
1.006078925112358
1.0107482735041824
1.0131298755110807
1.0545359336357278
1.0201833451835736
1.0063309760012769
1.030706500624525
1.005867687148676
1.0081065289369575
1.005798584497937
1.0055580176133774
1.0052641541501626
1.0055094734232843
1.008927808004332
1.0111728425208035
1.0114705921082399
1.0147221898411647
1.01630950819089
1.015941278936612
1.0160066314453973
1.0192239383503272
1.019900366311703
1.0176125854763913
1.0166872925999255
1.0105327819777328
1.0127474905559575
1.0074001946082087
1.004028133968989
1.000234215202104
1.0000109158020465
1.0003021545758797
1.0002839333741156
1.0000029600310587
1.0000793652238564
1.0000051069360192
1.0005244084728797
1.0000032944753823
1.000540537866111
1.000001188657268
1.000000023317622
1.0000026133757454
1.0000042395653146
1.0000008584387452
1.0000005082775654
1.0000985066259753
1.000070203669856
1.0085603350506833
1.008281675336838
1.0084165914937646
1.0102099219993246
1.00565558823885
1.0000016654505028
1.0000017725546702
1.0014354531785636
1.0000027720813156
1.000007759283445
1.0000009905108251
1.0000077182181677
1.0000046474423845
1.0146698097442959
1.011963047910937
1.0088738216705362
1.0000040462105828
1.0000024583529654
1.000000086329654
1.0000093953259725
1.0002217753856057
1.000056434528805
1.0000075589108528
1.0000202769777022
1.0000398557981722
1.000001651578931
1.0000023473520705
1.0002308976374814
1.0000153982856943
1.0000002838008275
1.000001493865971
1.0129333519162946
1.0256915514995835
1.0239289264328157
1.0178181957362533
1.0169576311501825
1.017656038024253
1.0136957785445029
1.0000109933108168
1.0080220934010695
1.000001511159907
1.0021135868117435
1.0000014462199085
1.0059650858995652
1.0057785117516125
1.0042766749741296
1.0059728081684753
1.0099593422036601
1.0126675655030444
1.0134881496940649
1.010008989164043
1.010682975704358
1.0091987230003028
1.0091084838764959
1.010347584154551
1.0117885529508648
1.008408264814181
1.0094242666687594
1.0090008282639678
1.0126407129636283
1.013977403367842
1.0073020801348946
1.0146568470502662
1.0000032488965722
1.0000183246782792
1.0000193583186874
1.000002857713629
1.000040365911751
1.0000136411004565
1.000048025280856
1.0000007079946185
1.000019537372937
1.00000717469875
1.0000051051703818
1.0000235250726603
1.0000147832834092
1.0001413128821337
1.0000077772023939
1.0000042124453072
1.0001155052940716
1.000000979957234
1.0000007091120329
1.0000962637478055
1.0000011315623247
1.0000015517509204
1.0000221157322087
1.0000030130315705
1.00000439761754
1.000001888586169
1.0000000007375538
1.000003476126386
1.0000013716387381
1.000002115350212
1.0000099518457717
1.0000031817146235
1.0000022961336972
1.0000072879657598
1.0000336278296695
1.0000019085758556
1.0000046660088162
1.0000001714621651
1.0000074368572596
1.000006385739308
1.000002949625153
1.0000120938208816
1.000135195883524
1.0000062581378466
1.0001303589331578
1.0000155790380933
1.0000007344336634
1.0000042523491945
1.0000009054804295
1.0000079583124464
1.0002965110782531
1.0000051655903872
1.000038758355703
1.0002209711569323
1.0001553884866656
1.0000007381218812
1.0000276879567376
1.0000201576401295
1.0000229342811398
1.0002097143101811
1.0000034144758234
1.0000247798993145
1.0000039860266747
1.0000488544416304
1.0000549123686302
1.0000267712929642
1.0001793977084144
1.0000199080424796
1.0001896893666304
1.0000036422262257
1.000056836989596
1.0000238916813793
1.0000289140030056
1.0000161850477505
1.0000009048416962
1.0000012615712683
1.0000131483958967
1.000004080006991
1.0000722091491971
1.0000363321046273
1.0174081944163738
1.0173081049414279
1.019319662268582
1.0184988088645008
1.019982410297399
1.0186784272063707
1.0195328673390371
1.0130347816763168
1.0066168806840319
1.0048553043397634
1.0108426052702597
1.010362522454502
1.007398865181535
1.0082678510344831
1.0130022571362611
1.0000351169460155
1.0001277805849593
1.000074058781077
1.0000655002849839
1.000059435887376
1.0000004111131888
1.0000401585544736
1.0000009428188117
1.0001330033342442
1.000123513470592
1.0000164630618356
1.0000371009352145
1.0000086695558197
1.0000263321122151
1.0000007944978377
1.0000125199231402
1.000000892339756
1.000022657096334
1.000000366499227
1.0006076084370361
1.0004190344899364
1.0000061251855026
1.000005687059213
1.0000099510893037
1.0000862465069604
1.0000347498626332
1.0001387646394444
1.000004337044533
1.000011650302693
1.0000061205508892
1.0000290240509415
1.000114721529985
1.0000043933310079
1.0000008054817233
1.0000661806188218
1.0000241297035308
1.000000255303062
1.0000032592952115
1.000006081135594
1.0001089954092808
1.0000048811882811
1.0000094275881717
1.0000254563868571
1.000077511580426
1.0000148410942886
1.000005141533633
1.0000119667868577
1.0000157019971045
1.0000064457299995
1.0000024139504375
1.0000007266454862
1.0000074333388327
1.0000065541765482
1.000008566521621
1.0000069320343241
1.0000182701402647
1.0000278997052152
1.0000084088672625
1.0004809883148713
1.0011568916002733
1.0000190663846473
1.0001785983669143
1.0000598174141837
1.0000028716240401
1.0000072358224845
1.0000233514961412
1.0000430243448126
1.000029521943274
1.0145863875215029
1.0098602653251532
1.0118128448661798
1.0128408641222444
1.000346498119297
1.0077550624275144
1.0034751625670744
1.000028865768818
1.001254294051442
1.0019307732295275
1.0036826151348748
1.0051847388385915
1.0100237705543569
1.0127788661236063
1.01259889434124
1.0131934412587738
1.014830486295381
1.0120234619878155
1.0111707971439672
1.0118019257119097
1.010996263564116
1.0115653229178299
1.01167551793729
1.0130148455980212
1.0124727945887468
1.0095642651460066
1.0125958654182612
1.0165679794877847
1.000030472071274
1.0000585759513092
1.0000562928434527
1.0000019818924815
1.000031145312796
1.0000177075249124
1.0000338367642543
1.0000142439485191
1.0000038716301392
1.0000020772175915
1.0000061545810266
1.0000049500267163
1.0000049441980763
1.000004477304795
1.000010028648552
1.000074051188735
1.0000031016632571
1.000052476112575
1.0000057682434846
1.0000140526671024
1.0000168505421585
1.0000035661269546
1.0000000166074148
1.000131122819303
1.0000093464478255
1.0000006659830385
1.0000013229190061
1.0000138404633898
1.0000000849280337
1.0001235239978703
1.0000030311888892
1.0000022436650682
1.0000119224831068
1.0002112514593868
1.0000033710292069
1.0000033910105302
1.0000249928193028
1.0000060356662872
1.0001287004094872
1.000027417865627
1.0000081041647353
1.0000055565952428
1.000000056693929
1.0000008076234934
1.0000003990391604
1.0000163961146766
1.0000050702526906
1.0001650930357546
1.0000472977822177
1.0000116058440685
1.0000003997151048
1.0000048556793903
0.9999999933891699
1.027411350768763
1.0302081530237877
1.0186325845901176
1.0000138397760336
1.0000042609177735
1.0000095087140493
0.9999999967391228
1.0000036738699425
1.0000444087361926
1.00001361886902
1.000002296764945
1.0000146493083164
1.0116911870435017
1.017359830602211
1.0095247484842667
1.007543730754991
1.0036185968582665
1.0000056062948715
1.012936553904964
1.0062467818557117
1.00498650119893
1.0031680654586717
1.0065952531908857
1.0083223078002765
1.010788444629618
1.0103596132981216
1.0091204743421556
1.015756271128645
1.0087288430693764
1.005244787129028
1.0074762626306673
1.0087555211280674
1.0121681614150657
1.0124366393101654
1.012683093300436
1.0100891010836353
1.0098968269972277
1.010549062917985
1.010729191292652
1.0087802639650627
1.0102502372629139
1.0122470272723592
1.0127751166808496
1.0102268071077984
1.0106995471166376
1.0000347410376789
1.0000371216842374
1.0000297904352484
1.0000046717448627
1.0000088871824588
1.0000075022605477
1.0000015604856478
1.00001622718055
1.0000112539747106
1.000001427762922
1.0000172389313062
1.0000024682206958
1.0001066298329593
1.0000045674394697
1.0000017179029201
1.0000536293611169
1.0002725294306258
1.0002771596426805
1.0000482092472742
1.0002930223698252
1.0000072556363557
1.000004620705382
1.0004103755413274
1.0001157623774948
1.0000336655455602
1.0004209459369533
1.0002235852070183
1.000017981296662
1.0000054084217913
0.9999999924760639
1.0000000037640016
1.00000588755579
1.0000026590735591
1.000002739849766
1.0000000006170522
1.0000063842306761
1.0000021371448489
1.0000030693067676
1.0000028874818467
1.0000033464594422
1.0000093504875667
1.0000032655871984
1.0000029740731406
1.0000032860823993
1.0000027798096605
1.000003908597502
1.0000203285016205
1.000003894898904
1.000004092379012
0.9999999994563092
1.0000079213767912
1.000011513185865
1.0000000594816658
1.0136736931040315
1.00034432570101
1.000313266595209
1.0000114704345908
1.0000211449586491
1.000000147421575
1.0000142364225335
1.0000000049377293
1.0000013285639242
0.9999999965094061
1.0000003448856676
1.0000014783572357
1.000001402061757
1.0000000018056907
1.0130648108827756
1.0258548414805422
1.0225340957581324
1.0136571998622586
1.0146910749128115
1.0000000316991242
1.0000001019129943
1.0000006931741927
1.0203240882917421
1.0063371361006497
1.004467696387662
1.0004393315097668
1.0008015924398854
1.0010691330000359
1.0019898819168138
1.0022181457876542
1.0005474722787946
1.004666095141334
1.002229673668523
1.0007959827724675
1.0010892353053644
1.0004104522517863
1.0023327350435893
1.00275558744757
1.001031609509753
1.000245755320476
1.003275592684834
1.0022349283316687
1.000009229382372
1.000007185285407
1.000007948959106
1.0000400306121904
1.0000099692496982
1.0000039718729539
1.0000027950654806
1.0000276161432342
1.0000105115952151
0.9999999931113115
1.0002670748637654
1.0000033134973643
1.0000002035174478
1.0000063657240472
1.0000098680875529
1.0000039213842333
1.0000019651150651
1.0000025961798344
1.0000989136707443
1.0000049232956698
1.0000026036428504
1.0000024139781223
1.0000029140357736
1.0000026707315675
1.000000009063836
0.999999995810765
1.0001384329616896
1.0000056517236955
1.0000046351021032
1.0000082743567347
1.000027438118907
1.0000036057846824
1.000005649070934
1.0000027604816335
1.0000064161362763
1.0000044921999358
1.0000049658165202
1.0000066857767842
1.0000187529366944
1.0000034335175514
1.0000024992843928
1.0000214252125725
1.0000103501514335
1.0000009277761583
1.0000070193612927
1.0000012939717733
1.0000009746412812
0.9999999950588033
0.9999999990165245
0.9999999974361485
0.9999999983452094
1.0000120572315672
1.0238215104396122
1.1348987277931104
0.9999999930567632
1.0269810990995119
1.0986962804532978
1.0000453983768074
1.00000000768599
1.0259867677889765
1.024052452158632
1.0251309208929726
1.0236849584524175
1.0242216928893966
1.0216651359110593
1.0238974068015494
1.0228133019200085
1.0183897127405581
1.0175186461537047
1.0288174274398199
1.026546165053235
1.0250532953625178
1.024581020379031
1.0222553801299898
1.024240717590492
1.0210895465622878
1.0179549140012112
1.0180574905492303
1.0120880835400163
1.0096971664388772
1.0026826780889078
1.0069604870467965
1.0096567360516804
1.0049428652846488
1.0036643572921269
1.0046866387291382
1.0039806910088291
1.0012045134172451
1.0021710550824148
1.0039323209755018
1.003872419362429
1.00442526651576
1.0057679568474724
1.0066066217840035
1.0052361615572503
1.0051890950697397
1.0071754859883646
1.008436525725297
1.005740556811755
1.004149967389606
1.00532691510284
1.0081267888243983
1.000051587219959
1.0217020440613447
1.0263865670905574
1.0000000798479014
1.0000000708610608
1.0251859442061593
1.0000024593439565
1.0000045411618914
0.999999997006205
1.0000213703227585
1.000000365160512
1.0000079811012526
0.9999999923126599
1.0000048656129015
1.0652438474049744
1.0949865597307775
1.0959285792492632
1.000028302493534
1.1126655341782359
1.104744926436791
1.1066503182337903
1.094929378102725
1.0969067549449703
1.093589090170587
1.1142304160307592
1.0801552098443565
1.0738810529737737
1.0000000193956498
1.000009732826631
1.0000093891179973
1.0000180050238048
1.0000131854265986
1.0000032807484758
1.0000134288959226
1.0000099435505065
1.0138068960689912
0.9999999987429385
0.9999999932320285
1.0000100000137997
1.0000745658663202
1.0000046978450177
1.0000052611181551
1.0000786937705752
1.0000873077928654
1.0178216812165635
1.0000058610123395
1.0739789569355602
1.0223154437175124
1.0272172928074745
1.0223396220387542
1.0229507029351768
1.0243618525540108
1.0205018527221195
1.0234825737162738
1.0226423800305973
1.0234195408281699
1.0249998801863884
1.0177576484453048
1.0000116138295712
1.0000000256615655
1.0000000157820614
1.0016442876482672
1.020254365370289
1.0190290130138497
1.0206980621885826
1.0181351479908831
1.0180179188324987
1.0250352154927882
1.0658671452605262
1.0547240665217597
1.051276230738358
1.0462311530490425
1.105908792008601
1.0465104386799637
1.066484370034316
1.036212456392165
1.0817757345963417
1.0751003963166936
1.0349623467477342
1.0095260409899143
1.0069058969523712
1.0051831878436603
1.010544404133641
1.0067600791667806
1.0046236859725928
1.0054919021949078
1.0048452798753986
1.000210422021482
1.0018214591895924
1.0199489796896686
1.0112012717212218
1.0110259529861156
1.01313762083168
1.0111197746689755
1.0157340753846429
1.0208978650239118
1.0214672349493632
1.0198144332069286
1.0206497160425456
1.0236077263936298
1.0120939438950776
1.0186657029766617
1.000000019143253
1.000000093413206
1.0000276292610244
1.0197769326608523
1.0194584131417535
1.0176075715564081
1.0111082842942538
1.0120149062138832
1.014328268144978
1.0153065461105544
1.0159828507765793
1.0000113132275563
1.000018091069235
1.0186795141064122
1.0239842711719689
1.0000000049331903
1.000000002659375
1.025942500481264
1.000000001166452
1.0203298318068827
1.0000001267457133
1.0070910947096214
1.0254981059568848
1.0263139360414724
1.031211697479456
1.0302504867075786
1.0295241728451063
0.9999999951858987
1.0000004088406693
1.0000000047306883
1.0274577588521627
1.008460617243962
1.0226672811419257
1.0245841811742173
1.0297297645575065
1.0301402671905033
1.030163036314552
1.0000026014770063
1.028271702842029
1.000010130843105
1.0000000621707585
1.0273773755570959
1.0274224404490302
1.026745477953095
1.0256631660105675
1.0000087321987927
1.000005436129329
1.0000000904996444
1.0000001340992861
1.0000000738776662
1.026773459212347
1.0016255118087039
1.017394410504021
1.0271959250758702
1.0208787438929527
1.0204767062152114
1.015826960130678
1.0000001633658326
1.0000006666045242
1.000005501827748
1.0000000378787761
1.0000000119143262
1.0221800426432492
1.0247198265646278
1.022434031895035
1.0145191614331805
1.0118445071600284
1.008833224181648
1.0078865586552899
1.0103027490097618
1.0080398935991735
1.0092367210718867
1.001833993254085
1.0060103265460856
1.007501581926717
1.0068027250056801
1.002887470463548
1.00268250726581
1.000408558786783
1.0009851231586773
1.0031712985856707
1.0018534287891558
1.0023003912609454
1.0078908436360647
1.001525442486168
1.0000081301410457
1.0001048062909383
1.0000262331874563
1.0000106962684896
1.0000002254000548
1.0000130094522923
1.000009743975741
1.0003739091919248
1.00001295692081
1.0000287765844533
1.000003831167996
1.0000001840990893
1.0000061749030964
1.000016957963811
1.000003549280753
1.0000304836489982
1.0000108926971998
1.0001239896165386
1.0000058840285009
1.0000100231068436
1.0000095831112283
1.0000031697947074
1.0000883721903093
1.0000027795860988
1.0000053411680312
1.0000170387581893
1.0000177467321463
1.0000339379281273
1.000038577885738
1.0000038852078932
1.000226886098756
1.000027912894622
1.0000008437631613
0.9999999977087506
1.000578801100447
1.0002143721415335
1.0004483203901235
1.0000303196404539
1.0000307056422117
1.0000879368110018
1.0011171304295807
1.0000782453959822
1.0000076534994429
1.0000009261942242
1.0000092940955039
1.0001948182494667
1.000004027208384
1.0000089241883037
1.000056730627315
1.0000017762492042
1.0000338066379588
1.000005255788046
1.0002092427793432
1.0000879737658361
1.000193777550788
1.0000128806726591
1.0000099431393996
1.0000000135350267
1.0000000485467495
1.0002070520421484
1.0000000048223907
1.0000050714398092
1.0183259774821558
1.0000008700290923
1.000005550811828
1.0290540589682007
1.0297857299813136
1.0157352800326083
1.0212596611003864
1.0197338511523761
1.015400581404116
1.0147280978270754
1.0161856573798218
1.010485423192442
1.0199385980280589
1.0166221831943092
1.000002026564705
1.0029095112469157
1.0194476653134967
1.001083186529511
1.0029515514134042
1.0017021644553936
1.0025949907781646
1.0056941079461585
1.0056838757075215
1.0065632727184364
1.0053963724380994
1.00387186929517
1.0073162812602572
1.0051004124204426
1.0011606499338137
1.0006524635172418
1.0001943148302568
1.0012301807461124
1.0012032946447598
1.002813699042968
1.0000080760022954
1.0000150938313899
1.000016252257067
1.0004794145528282
1.00000543510943
1.0000052120353968
1.0000205386612824
1.0000076752676266
1.0000039468775739
1.0001279038749211
1.0000561473289111
0.9999999935349398
1.0000033024880444
1.000004678529965
1.0000167577346033
1.00000318678337
1.0000515378804662
1.00013084984134
1.0000053745381685
1.0000145331964085
1.0000108555320992
1.000005183891421
1.000002000405209
1.000002835327476
1.000096943555449
1.0000062696397036
1.0000028073193554
1.0000721370376984
1.0000302970234396
1.0000055902296416
1.0000026132153315
1.0003997004170946
1.0002859652619864
1.0000059826073848
1.0000031909555627
1.0000057650664227
1.0000054556770877
1.0000029615197947
1.0000067141034976
1.000000004324456
1.000009486953427
1.00000319808838
1.0000031264028728
1.0000171688084725
1.0000035583489255
1.000000021471779
1.000008142910342
1.0307399976371583
1.0309976218539634
1.000030653266243
1.0000000105481697
1.000004801134438
1.0000001704796713
1.008661393172689
1.0000048027248025
1.0000045444352736
1.0000001025381666
1.000004455060463
1.0000001490780093
1.0000630962437058
1.0000004242053666
1.0000016827942593
1.0000049715610082
1.0000020075179148
1.03126253638532
1.0360675721708494
1.0364497397801629
1.0363975331332709
1.0356063528358652
1.0525335615205191
1.010555820244191
1.006057542619817
1.0139438488802313
1.040588459999613
1.03908590332503
1.0488029159045418
1.0565058776392529
1.0438538737772274
1.015702215235472
1.0176946651633232
1.010642757980352
1.0084018954387644
1.0031505029194356
1.0010729096917652
1.0069110023693228
1.0029370033274416
1.002641193234305
1.0024096500283264
1.0008241459387146
1.0072328841006108
1.0017186441623238
1.0002220906796697
1.0024292603177065
1.0047782521721706
1.0039336313259999
1.0059900336248246
1.0230157228887453
1.0310641599397055
1.000000393761521
1.0000002256295646
1.0000088486105723
1.000009769063463
1.0000104437813413
1.0000224167184668
1.0000036811660808
1.0000065584040183
1.0000036420858753
1.0000077135947272
1.0000316633457986
1.0000030994787117
1.000000215935205
1.0000010627371532
1.0000147388002363
1.0000068345616395
1.0000000853598252
1.0000000236675015
1.0000225582036724
1.0000146922950566
1.0000055883901193
1.0000063021375478
1.0001237590195815
1.0000154252262614
1.0000010326939652
1.0000096030515
1.000002719877914
1.0000132417166085
1.0000073277333708
1.0000024413161084
1.000002616368067
1.0000124156342443
1.0000061092922345
1.000002852619645
1.0000015887177738
1.000046990855714
1.00000277553411
1.0000099520437187
1.0000091930530657
1.000006609531265
1.0000036643031394
1.0007150512865515
1.0004737025180825
1.0000045696052824
1.0000010134831852
1.000006376888975
1.000064473123975
1.00000917010131
1.000405931981232
1.0006942601431776
1.0000015215114388
1.0000689578740203
1.0000247524897217
1.0001027137937062
1.0002444980599372
1.0000068771168071
1.0000240232829885
1.0000325259844745
1.0000001562787446
1.0008151047550227
1.0005190764480443
1.0094087372694975
1.000000098782618
1.0284900916706838
1.028261763198994
1.025228756602568
1.0246954654308313
1.0184978039087513
1.020341020008179
1.018776467825454
1.017794022706794
1.0047416073130022
1.0199176543901314
1.0036666843047766
1.0057858591423294
1.0097804480345012
1.008653759936169
1.0084931855443355
1.0281252436057189
1.0341099976112174
1.0219272810092728
1.0316399812982122
1.008584454257506
1.0091727833300714
1.0095428709398448
1.013149369262855
1.0093200170342103
1.0038411379431347
1.0100905421966737
1.0097954351414316
1.0097246332265761
1.005911539921668
1.007393118934799
1.0071198910414394
1.0002179205753718
1.0000743271083787
1.0000017377914274
1.0000222374694698
1.0004897363692231
1.0005146950050827
1.0001212431271946
1.0000035533973841
1.000000003146085
