1.3159532164399883
1.0690381916166174
1.1998360511728492
1.109583574443199
1.032978254084726
1.0183268566295753
1.0600659693291041
1.0744928102327949
1.0728267708056318
1.012104210077876
1.024668027169253
1.0386383227105465
1.044274807249686
1.3013694968133105
1.0291353737957842
1.0503300644158646
1.1603381984267502
1.1464332159701036
1.0595294472620889
1.2039616624682385
1.0249977379107664
1.0298282041834839
1.0046184631407198
1.203471691679718
1.2725758635168478
1.0167509474258547
1.0436702210087068
1.066397139582432
1.1514485326706747
1.6459869874640751
1.2704255730273402
1.098028599231649
1.015940039684046
1.080964959481493
1.1625978421870462
1.1497796908583215
1.0508133642517492
1.2944833620910898
1.1494128403994464
1.027133949706403
1.0116640870668778
1.0392142243246607
1.1356417939376786
1.1715885754164477
1.6185456595530137
1.2848375347824144
1.2935877587797326
1.0943217041218432
1.0330385163500986
1.0324515621286476
1.1693542044406426
1.798251286219059
1.0309163889852642
1.0419422077078038
1.1848380573631945
1.0204768184210373
1.0479219168871379
1.071447753117759
1.09073020797596
2.0264362541392757
1.0737008126151684
1.3618684876904716
1.153147045719942
1.0399615667699924
1.1930717446431869
1.0761464532878509
1.3976188275349328
1.0448061570080331
1.014012674826161
1.40896287300267
1.1559424626575594
1.1668026843662223
1.3475615847958624
1.375176475274582
1.1118701794129084
1.2137569868852358
1.0886994175498625
1.040805197075492
1.0288616663456458
1.1065949647464726
1.2904197420151344
1.0282545874913867
1.015263174783234
1.015847988674418
1.0437692277615003
1.0177274847009459
1.2916321770025865
1.0266192613142422
1.020553117191668
1.1288659640280188
1.033783253084671
1.009774387580975
1.0209126314032189
1.208443657438642
1.0953402895897653
1.887553227566484
1.0573091635250365
1.0464403444167032
1.2935480226601908
1.125079931477559
1.2426994161438076
1.0580295553157992
1.7928706402258803
1.0977528077239025
1.0381824294529653
1.0766589621200813
1.1543893390695081
1.205525345837234
1.0635153785256626
1.1791247516552066
1.0756559948263313
1.0783765995329562
1.1634642245672562
1.0815444795234732
1.0698190905778044
1.0476085737951832
1.1151487630677126
1.204401687494194
1.0477976095995427
1.1595772212143052
1.1714459865885334
1.0853369251549845
1.0423787115032526
1.1992106389852504
1.014590727178801
1.0494278140350364
1.0572549472395147
1.0786135661190555
1.120922088777464
1.0451797489665637
1.252977878370944
1.0231032459208516
1.31330569773597
1.1096981723699086
1.10162677359602
1.0587266586901538
1.1153470641679892
1.0580221763137228
1.0263411755737537
1.0236320425733398
1.5161403924695673
1.0260595253520655
1.041374822880925
1.0949203765959312
1.0269675547722774
1.0599309441413922
1.0765617324979282
1.184214667872984
1.047268210862388
1.0290133673164317
1.037038105544099
1.052016945092726
1.172769193884227
1.1391058494299369
1.0299236337230653
1.1141120266276106
1.1858293342548163
1.1646248610120853
1.2317149287087803
1.0301324207678384
1.0175016482151702
1.0688879458306475
1.5429496863653123
1.0386761832540203
1.2568444510309316
1.1319182772927565
1.0220857644724801
1.3532141349505307
1.1016721551263824
1.1380155377288896
1.3349230671407801
1.1846882051575205
1.1272537052474894
1.1034734255987826
1.051588255311878
1.0074279414055436
1.191675934570282
1.014044608045039
1.1099293354984743
1.3480502716635072
1.2403479234833583
1.1046656420157432
1.2709389198694638
1.1529448271902794
1.071895227214973
1.069395834106226
1.02927039251044
1.0232203920733034
1.143787017225976
1.1731992680020438
1.0029838262999937
1.0353011262199394
1.1494487077930144
1.041094368756296
1.0888325358250708
1.0550579648726348
1.0276667291515995
1.0642887898445836
1.0541006215620263
1.1089470027701327
1.0168445098288308
1.0323797565100619
1.030423027337459
1.0126251803849655
1.032001495967652
1.1073711010547445
1.2334439376454955
1.0319818390342992
1.0558646083992542
1.0785090505122126
1.0468848994296232
1.0606457980977353
1.0557481979778771
1.02587005559681
1.244599616717662
1.1600529092501246
1.0798752086229348
1.1021921992884736
1.025696967934876
1.053304243795259
1.1027941146744522
1.0463001298090806
1.8636490052122476
1.2017208141548594
1.0748974889503333
1.276217488578568
1.0311252284639907
1.0060865709640108
1.1739954968557649
1.120291036257242
1.1790407435776924
1.0388067602864328
1.0014549272184188
1.0151881650371086
1.1612672328156726
1.0202253485920738
1.1044343733790796
1.2566240541372171
1.0492156668856512
1.1143002835028655
1.0967887575672661
1.0824022253972456
1.4121108527002681
1.0884009034927324
1.1798185165559474
1.2300140731545004
1.1372248116116588
1.052229084896989
1.066434363889865
1.056790303538425
1.1218338851032326
1.089152039426287
1.0776738803752155
1.113058731495485
1.069149480588869
1.0647499105878862
1.0488057063050003
1.2122630474351601
1.0809053333299328
1.4441003553766278
1.058516659984913
1.1288435698185864
1.0197943084963146
1.9406139048403028
1.0258149736395485
1.1398324180779928
1.073312121740814
1.2666354872647143
1.1153852535444024
1.0101793378585144
1.1182755130889703
1.0473384129889953
1.4271988464815022
1.0698585262344822
1.0367911903415812
1.0201010444570333
1.0393739894998795
1.073888878008973
1.0247081998260192
1.0887602028663623
1.0728251184967537
1.1985722040122888
1.825818189697781
1.0902847511376847
1.1870290856961156
1.0892685267824467
1.0940334150675017
1.2366995314365228
1.0210146166893794
1.0274408956673937
1.074616834334752
1.069043781165003
1.0907470057844273
1.136580740417046
1.1200855389579791
1.1883629151927242
1.0374739107566036
1.0639453307797802
1.1099371900532649
1.0233026405355872
1.1081592290725775
1.0704920682183385
1.1117285910797912
1.2638919080290316
1.2845645220267388
1.0379373089716917
1.1171329779401757
1.138929541056609
1.056356380272873
1.055348251076801
1.1695213609481954
1.0441575902056288
1.0950225543306493
1.0964068943275012
1.1776880434296004
1.0723790339338661
1.127843978898159
1.0098888821342313
1.2743281648656253
1.0564658488506076
1.0225017309150874
1.0274565798187192
1.028570746996227
1.2807544527163088
1.040548634781869
1.0570622107952257
1.1424019537705736
1.3300850389975007
1.0179066894442497
1.0727523047774747
1.0346595860288117
1.025857529306055
1.0259492764714198
1.0199655271773147
1.0123191909441143
1.0512156758637674
1.427934538447626
1.0121114747422837
1.0342602670157235
1.0970305008260581
1.0288677172586367
1.0294730162547108
1.2969277738634017
1.4268056669442133
1.1833628282224582
1.0420366671324397
1.4058711801284922
1.0373528812485293
1.6057199861304197
1.0382273953696672
1.1757132457257768
1.3623122641145067
1.060030558286112
1.018118603436463
1.0828448131840307
1.1565071653231696
1.0925192516179774
1.061452992376846
1.1685602152555414
1.0516278468528915
1.0352216298876256
1.02259358653679
1.1386971231716136
1.3803418965149463
1.0898105446276027
1.1999477647400576
1.0430151923859656
1.0282882245950715
1.0387667522518218
1.122564483947005
1.1372939326078289
1.0325938490733555
1.0818913180939578
1.0267590683455154
1.401730810035772
1.0978072535552086
1.0149865757851615
1.0306071534710652
1.1903861448328679
1.676143019711777
1.0809143875316591
1.160997861422219
1.0630340460829477
1.3178053667833565
1.0216878493672763
1.0787830031695527
1.1375271513902236
1.0394499932119088
1.0319436371343804
1.1915226063146525
1.1071735129447942
1.1854183477151876
1.0585439545107198
1.0125278287382324
1.0625458964483374
1.1124751715419536
1.083961219013426
1.0474185863841998
1.161518512846719
1.183364372279753
1.1108319874809076
1.0583815381693833
1.0349033957827103
1.0256146916788793
1.088117963483856
1.0640674185989756
1.221735001006579
1.1355352102466294
1.082239526791429
1.0412085768568948
1.0166163137390714
1.3136554416782764
1.0206741709094223
1.047009749279185
1.0180317876970557
1.214864379794808
1.1395595757738624
1.015874641507943
1.8630634742630796
1.026064072473693
1.0677476619104054
1.0887517949073957
1.239433425392637
1.1175238376115948
1.0690234182823004
1.0555236825455125
1.0583821847733286
1.0119871276209556
1.02336072601716
1.0662114011692345
1.3669624524228734
1.1533824942042659
1.0385206472254649
1.0458107010214648
1.0246936865763872
1.0439262773824616
1.0672058152167276
1.035421637656104
1.0264658753095102
1.0623148984759574
1.0319523320658648
1.050271023619849
1.0191679510828644
1.1171555227375882
1.8531742751945177
1.1075073406606717
1.1618596727437203
1.5231931666194183
1.1413198772863409
1.051638335978412
1.081302917406591
1.07178895960037
1.1943463486163701
1.0315329062260963
1.0610088418832504
1.017985201118046
1.2186725778272411
1.1009471819992855
1.0316581118265502
1.0710440035062125
1.2350969509636731
1.1746458968268674
1.0241146692178225
1.0691655664863131
1.212011592227204
1.050795771960641
1.1046365492066155
1.3083842769524523
1.0444884129775367
1.0426011842835483
1.0776932813765596
1.0486894588020619
1.066587878081568
1.309816935685237
1.0721257544134286
1.116254488118682
1.1128591568584938
1.0132133077235654
1.2062080420668948
1.1736583741085207
1.118567986418799
1.2811261848294753
1.2105068163511734
1.0364557837209665
1.028020973519696
1.5559700688727924
1.141002233731645
1.4663704724226445
1.094958648222323
1.080491159738241
1.093720450434641
1.0402318314230905
1.1204214145569968
1.1916299862389401
1.1457470344027019
1.0650470499696691
1.1629422249664938
1.184453702499225
1.0402060302033496
1.0910949496091322
1.0822182470013706
1.2992572377025768
1.1028083092985823
1.0157914520618363
1.0285161883657161
1.1057316979002596
1.0165855005944942
1.0540358944801356
1.2195980265269102
1.034247826272078
1.0913526225605465
1.1054814773591886
1.0893031641149877
1.2340891145752506
1.088725883569695
1.0924276905549761
1.062363403810376
1.2861693709379274
1.00795947969833
1.0607586893126706
1.0421602668536125
1.033419977272376
1.0592333446981093
1.1271594704676464
1.1957847744799674
2.207341456280663
1.14908338171521
1.0318756568138907
1.2009873027793088
1.0768725649112934
1.0904799487749528
1.1107940136797188
1.0650041007001358
1.1832889962745012
1.0495012100010979
1.2098581221351166
1.1559832047838636
1.0753021731504464
1.1628238495100098
1.0307622525955096
1.4091190637345865
1.030159357171271
1.1210354495914383
1.066059769545336
1.0154525332198872
1.0660554654806038
1.0188002486569012
1.0481871222972334
1.3425748253213041
1.0682466541379136
1.043682951009612
1.0970536350403024
1.1657109726813044
1.0898775947495967
1.0795253508592892
1.0491671697923566
1.2814283243058366
1.0376260664974393
1.028104463025331
1.0688257681308775
1.0208484681712757
1.0597974503413683
1.1784306516173348
1.0447907044824032
1.0538657539365008
1.3851893377458848
1.0992813909404644
1.1376687116136015
1.0388141791493013
1.03405321693881
1.1229579403543521
1.022798339983512
1.156843226838867
1.0189890751318158
1.0283362082786989
1.0474749094487177
1.0505757249000975
1.064128086485705
1.0559179513242758
1.0736745118165352
1.0779308080019496
1.0210437997568997
1.121854680040983
1.349884306938163
1.1100541410201021
1.0161383830634922
1.130508705656877
1.1935093563526258
1.0291105890316388
1.0414609938909112
1.35433580172982
1.0345402871164413
1.029075019579242
1.1596570085632687
1.05153934758667
1.3465031788672515
1.040306578561042
1.0656729640229445
1.4471304710408393
1.0238567926771522
1.103874875180847
1.0408754983366726
1.4361604421773446
1.0436002434447633
1.1466903748251407
1.2067299853869689
1.0436481732044234
1.0299992182883226
1.0488324191875706
1.332421022528285
1.0163963668455138
1.0069555187074861
1.0205125508185997
1.0653963351358167
1.9665045702945783
1.0119611028481463
1.027920582394119
1.0319495641066794
1.1207483484253453
1.025165475125827
1.0709016551473607
1.2794787559702347
1.1283209326472605
1.0341832605094519
1.1023601864423973
1.0898887645019908
1.2607397101705506
1.0380447234653307
1.1077172601421708
1.0614962981174787
1.0063137356016427
1.0192506486348936
1.0708258955468006
1.0409348483144119
1.1428748798115966
1.1033691110947867
1.1088707359130685
1.0522207228093472
1.1845197481166723
1.0795715315131238
1.5320617003017205
1.0313075770474593
1.1400383014339561
1.0553782311223467
1.060603118142183
1.0171636648181006
1.1899849334201413
1.803367125287164
1.1764840756682342
1.0759981391935927
1.0668524535938957
2.1797959367592434
1.0357026134055345
1.0439991506873418
1.220933299356337
1.0240415991311005
1.003964300464337
1.2886142262004752
1.1885417999339136
1.0981104759845182
1.070399428632807
1.0624225978314543
1.0438077605911595
1.0175117834319065
1.0243935754773796
1.1323136680889057
1.1868093157602306
1.0385247427367155
1.1464479565819203
1.0892975209135527
1.348028847397059
1.0309339436705707
1.0177648857825647
1.0617238889246945
1.026163552257683
1.017798095073041
1.0911409301122983
1.0334541903568883
1.0838602038523393
1.0090108895373875
1.0271869632622865
1.0260655894333655
1.1061372313835598
1.1161799312757217
1.109288087464441
1.6413052170600437
1.0245301639866866
1.0864310241223045
1.0288303493966928
1.0848371154035954
1.1388403310101125
1.2716503783669206
1.0317456404285827
1.025401063561142
1.0898050006676911
1.140665212106282
1.0406764025098385
1.134712379686166
1.1019003221477923
1.1660468549784562
1.151545294734794
1.294591298232266
1.10292812403704
1.156689835995362
1.103930137911456
1.4229782446940906
1.1187505564111808
1.1116436045663503
1.0103172505737814
1.0480771422431885
1.0282133119332444
1.0730800562626563
1.154456796532993
1.0969918564790482
1.0949994841377237
1.021504369906508
1.139325825098857
1.1781711994108648
1.0412740747167455
1.1246779763875827
1.157644246084674
1.0468112168308392
1.12962924485957
1.1701059320739844
1.286984368745903
1.1193174006122995
1.0477191090331532
1.0337795774346488
1.05369392322314
1.1427251173800548
1.0303106257493464
1.053681916233468
1.0802990908615469
1.0100368899945005
1.0688718668652617
1.0179523158809338
1.5897619678534975
1.3831478473503864
1.6940491468373817
1.130055618662901
1.0840479705148662
1.1002391940178478
1.03980367199626
1.168489797737987
1.0309679172666786
1.0875570295776116
1.023338290151876
1.06889954381539
1.0267924328982678
1.0054981080360754
1.1342242913707516
1.0661899700456758
1.0513110087499902
1.1191863728181692
1.0963853892645625
1.0790953632445335
1.0908600238512145
1.0516489196762757
1.2095020175850528
1.280065182488065
1.0710331986490131
1.0397889092972246
1.0286419289494118
1.087415354546022
1.2806030554555354
1.018177818807616
1.2028278671036485
1.028393821651776
1.0534806770252114
1.1305654598672474
1.8087004567065539
1.0361526332454483
1.0216198539150092
1.135067446855663
1.0467521886940983
1.0178115120354685
1.1224308008724637
1.0446849873221362
1.1446740528172696
1.0647551839605864
1.0292126069920202
1.145789211172942
1.1072575103537117
1.0157935574150656
1.0547640131081277
1.110497696015139
1.1897985442275019
1.1114139327016141
1.0708724567245338
1.1265907302675757
1.1690704408932575
1.0260721680583265
1.0628435970806767
1.0022883419836934
1.046690306602747
1.0301929235771197
1.2455729874235892
1.1619454611134599
1.0381000222406385
1.1611646116064578
1.228063393501265
1.0282367881476733
1.0235475863193764
1.138209671929219
1.0680576837722897
1.0250629198281924
1.0283891736753585
1.1494892202253475
1.045842246483072
1.0850990295889684
1.1046515691462047
1.2512987491328593
1.074902263337351
1.2452949965510116
1.0561573686591943
1.0531356841440986
1.0263210047567195
1.2329921974517284
1.1229192226545963
1.214852455956107
1.0741239021247393
1.2175295234873342
1.3440396407403499
1.045417956918161
1.0399588123644787
1.0669895250664343
1.1034939515634539
1.2041486420809382
1.01312793663187
1.0214340193346862
1.283144566113314
1.2384025740796176
1.0891640192555843
1.1204950176184787
1.0789534335593016
1.1100767341255757
1.0373807973446287
1.0984834453663075
1.0392551468068199
1.1277671061896162
1.076056367853259
1.1164718332699188
1.017829157939229
1.1186270927737978
1.152400965436853
1.0585397994056223
1.0115087218630858
1.3562078744728423
1.1644262009817588
1.1306706891822913
1.1275377491170062
1.0141003881583341
1.0216099270841634
1.0939190947855832
1.0294030390717936
1.2028902557894967
1.0821898396338308
1.024233740325347
1.176767684142765
1.0984728630808736
1.0205142931364526
1.0134468725408277
1.0484923669821928
1.09349919317242
1.1493239202079768
1.042338364875993
1.038958902446373
1.068929499499833
1.2055592271963955
1.7147422162276584
1.0408955604460917
1.0398203983741618
1.4842093026415697
1.1383468763854203
1.1021214815797984
1.0492103155165085
1.042619201533477
1.0636756348711964
1.1999343801392266
1.0904555547141743
1.0335487873229914
1.0798457701607131
1.0903891593793245
1.1490313637095682
1.046075668333868
1.0269240211713409
1.0205879889547025
1.0822984140814467
1.120811775322781
1.0267093719825693
1.6152717501060088
1.05310156419813
1.5224505237301889
1.5272451096629227
1.102489533637236
1.112722869229674
1.1675590822862512
1.0449974076029818
1.269231428564948
1.0736541691025747
1.0424908763365046
1.090891576380418
1.1056145064667255
1.28939350319474
1.0473089953779873
1.1240549045275732
1.0450459652533288
1.0276754010969595
1.0415144056869459
1.0450021507340967
1.034156278357156
1.296466399334181
1.0675018502304106
1.0219712404577406
1.0971688416153778
1.039434256107581
1.1122955793197224
1.0134222924151408
1.063942976699831
1.3313938033898518
1.014671823180559
1.0331959305584584
1.0906377270969492
1.0105238302308495
1.3002233567466446
1.1939300312692487
1.1482630590588387
1.0426684996887263
1.100314334875117
1.982925239268023
1.0334006025697193
1.034367162829144
1.0035120722587691
1.1942096321703994
1.0563828747346047
1.2720558770738164
1.049919176067424
1.0689180443487096
1.049631796433625
1.0070738469366423
1.1122859782959975
1.3257204116632149
1.047058621782185
1.2665815886546203
1.457979139701498
1.2339113601903142
1.0669529507066904
1.548343855556727
1.0882044855294954
1.1725828105852676
1.075226543762049
1.1634085240515208
1.0486703576165592
1.09856986405175
1.098039027168245
1.1694890853804412
1.158226354602505
1.336881596472849
1.2019358458188831
1.0776842254386019
1.1691495049887455
1.01768930686243
1.0477364615780007
1.021082634119345
1.1773206671446224
1.1768652402367017
1.0670157886813993
1.3549635042828836
1.0194833180908645
1.0349429297794943
1.027399292521392
1.0977270416657245
1.0966716518928805
1.071249691527169
1.0783734040574382
1.0931738786208232
1.1562456874665963
1.2252288531213014
1.308036705856469
1.1277713349594585
1.0515082109152278
1.1064959910709418
1.0218348491644151
1.014630272488084
1.0930620074005257
1.2259694177583742
1.0417650382604668
1.1358896713389632
1.056179046491714
1.0820226006895537
1.0195460500370317
1.0257540781925851
1.1181825668472778
1.0463330907657746
1.1367145696651748
1.0943006934244313
1.0028994562563696
1.1358757587391242
1.138676439624681
1.089393329411074
1.0367865124609863
1.0503234494134717
1.420261266689588
1.022574917185719
1.0108180871676702
1.2301986495087507
1.0467311034446625
1.0795257044267959
1.1068641941350856
1.2525957747665937
1.2701376502308477
1.1092300486765292
1.007930464922751
1.0557234524148251
1.4582486928500544
1.0911585988893984
1.076327846454098
1.401481133352915
1.100850285347006
1.108576937129097
1.1855770846517322
1.312691739245496
1.0820305891946758
1.0191491786430351
1.1788973805841607
1.08858956348855
1.0261511713132825
1.017048936068325
1.1062481320770505
1.046043904296338
1.020874751974521
1.0733154035498402
1.0760541860522737
1.17877071887787
1.0534552687835503
1.0874735037689502
1.1362530711713792
1.0416774548039902
1.1227499173837938
1.1393915583188359
1.033480800290474
1.0542689574593174
1.0492978813980822
1.0374937433745532
1.0675685321714945
1.0231864457476891
1.222649168587794
1.1238579292515924
1.0357845953814602
1.0141390198303197
1.0431906475722847
1.1231873348502717
1.1739888627473922
1.1074111720604929
1.043648434786127
1.1126001385945672
1.0915941398253242
1.1560603075986828
1.0333149558119792
1.060113101135807
1.4912593724734096
1.2382917064849186
1.0416886906283136
1.1161528311098994
1.1125106019615414
1.0217105713283126
1.0148436082128767
1.0436949129772337
1.2180920735809606
1.0482748957081056
1.112907321705452
1.0977513297893216
1.0149695662710558
1.016161494059812
1.1136811135384457
1.0811749009002956
1.0311434792663265
1.3098966983033908
1.226141668281306
1.0237155952988475
1.0291738761132605
1.104887362060228
1.058612326392155
1.0648066164156993
1.1249751402054293
1.1546434289751786
1.2105343886341158
1.0823994899308245
1.137523891498212
1.0158859027286273
1.1694318634392151
1.0430754612081616
1.5042661682646832
1.113710920694025
1.0217454798943895
1.0452801174128217
1.0726225405863312
1.0525681502004942
1.074575940809813
1.4940371616096406
1.0134630239607372
1.1172863077475887
1.2114319050932179
1.0285629645342163
1.082752719595797
1.0919929343841728
1.025720377006912
1.0494721132016898
1.0310395662954726
1.0283589097840546
1.056484596704864
1.1913853581116514
1.0793607179725968
1.2363288910320918
1.1043720581537195
1.0040951749585818
1.1646411201329476
1.0111484199546854
1.0963310867054208
1.0966822529730935
1.0907257552386111
1.10283735173456
1.0304605308312074
1.054381888873922
1.051447003755496
1.0226937109571619
1.087722629277958
1.4921377994226477
1.0775653144458777
1.1459888727423513
1.0758242700894962
1.3191691101157768
1.065268617379658
1.1832085062861704
1.0319453487173436
1.035726770965382
1.107391806960296
1.1662106543607649
1.7570498013506652
1.150053270408648
1.0682327531658318
1.2313908878228816
1.1183702137783762
1.1365097971013538
1.1843208918968329
1.1125748905201585
1.01987506029051
1.6237401405278384
1.102865798313708
1.0211822872939866
1.0323462452610874
1.512377771422877
1.0543472959369375
1.0350103990097899
1.072438500682009
1.0534244069675556
1.103848416803679
1.2211366449557597
1.0223876699847134
1.0797691294349745
1.0895642865908655
1.0589775132269597
1.0302997676109635
1.0165898069453856
1.0578002888499773
1.058440434598698
1.011499814239014
1.1169872660708313
1.0832416452227684
1.1244872160142392
1.0569340439427153
1.0292133853402659
1.052477316877206
1.066645557575923
1.1160998764216177
1.2062460179116654
1.4890367656104482
1.0244923657714413
1.126756510557622
1.0456925082589683
1.1020003675108927
1.023397953499184
1.0138945202995393
1.0932750254176185
1.0557977541699315
1.3580665104014715
1.131105442846322
1.2530746215969513
1.0696379270187757
1.1086951517380017
1.285762750224797
1.4644446759472614
1.1595085106572751
1.1414835877580365
1.216983290051747
1.213178880664897
1.0217964164572857
1.0345325064846147
1.1317460843742653
1.296441101258816
1.1128248731566865
1.0460560053135914
1.0149107748936068
1.042957764991417
1.021845266515634
1.1271424429739583
1.1692368795239176
1.0283017161743215
1.0439958759155736
1.0243003850929875
1.1690452657876758
1.0421029417442387
1.15373850726335
1.0192317548471717
1.063361382309175
1.1742641724513714
1.1068824279048977
1.0320972658332155
1.042901122611659
1.0176713053316038
1.217554656741991
1.3591465669380312
1.0530008166608518
1.152930079244722
1.110067926007296
1.0746921428856544
1.0367574385712564
1.0794319106688104
1.2213656207971444
1.0633294744362964
1.0224801677469209
1.1243420918348488
1.120998940771151
1.148608505982961
1.177690337219469
1.357808083627457
1.0530963342532231
1.148928197891511
1.2190320932452858
1.195663829974755
1.1228945834110098
1.0413984642191096
1.3268570577736913
1.1570538987904424
1.0392420202659822
1.0438634230109622
1.035088019654384
1.3832213115011478
1.1417447652255073
1.214040245659121
1.0143244316799673
1.079614362229258
1.195777886722711
1.7968359521535924
1.2185464249777604
1.03000990396783
1.0633058421784716
1.5325940282145192
1.05865310327309
1.1374415367749384
1.0409967566889649
1.1257627982432825
1.1276262478387964
1.0768134763156019
1.043752330668193
1.2839043798915086
1.0866157809437367
1.0132810508191115
1.0316141085090011
1.1480300003590511
1.0438039413882771
1.079937681461946
1.1386992622954983
1.0258191723353516
1.2563638086159492
1.102855360443663
1.0571925667031834
1.0308800204074187
1.0564660919263957
1.0688903709371909
1.0334442123742573
1.0621717064559582
1.2155913774714973
1.1648070687138605
1.1107185035187341
1.0756177441154753
1.0548102962306924
1.0832899380237007
1.165250979200012
1.1671628258861813
1.0205519512874666
1.1045658029667718
1.029581906966051
1.1988231678156696
1.1106755858743222
1.1338371196335517
1.1443728405337488
1.141383347146342
1.0310342283397502
1.8514906965649671
1.5142382506004652
1.1816205317679163
1.0253306594595077
1.0453764744848069
1.1012989944668137
1.109286716589616
1.0313531934086322
1.024076481684154
1.0804754333484825
1.1821315203338667
1.1463134693869759
1.0544887705372954
1.0777732841541454
1.1360443273999057
1.0542684926437875
1.1217080401661499
1.0650038635892836
1.1770985338718438
1.0473186569204906
1.0768433686198715
1.0665918408540986
1.0803278615695204
1.0810649586176486
1.0245676481100365
1.0944780650643637
1.0463270838583851
1.0952527071498461
1.0181094326530373
1.2060167101862573
1.0328845806723868
1.1649920660572006
1.1132691731184325
1.0543387774398716
1.0235877712745876
1.0296692436524237
1.01008981574935
1.0332343823156827
1.1306016569839847
1.18254177045447
1.0923995678550105
1.1456916791070457
1.0447546634246614
1.0434469598582956
1.120760206696402
1.081410239538823
1.039803389940116
1.0644063090318374
1.0251928719945718
1.0339297785077852
1.0558729972896927
1.0530689764405485
1.0625775885417217
1.0179751371878052
1.0161027072510662
1.2576336688887695
1.033521966029313
1.2774482439695065
1.0919303268271268
1.5053503499671086
1.1192300790176914
1.740297064683934
1.0360165489788216
1.037898622914035
1.0488137386257026
1.0533939534527068
1.1374459898386997
1.0918309039384628
1.472600055436017
1.049512254892727
1.0192924159657744
1.052055411268024
1.1278920769604959
1.0100223935960029
1.1434767538516073
1.0959666827584955
1.0903537183925496
1.0192216761547637
1.0147356853463418
1.082820396769861
1.0694541869552618
1.0988980898945921
1.5919717930704023
1.1253507149280555
1.070687996744921
1.0991953754203505
1.1957872941631282
1.0246111740308395
1.2037318167568156
1.1354709376870478
1.368240132484988
1.035260209557562
1.0491248457573101
1.129003421437822
1.0144328299653382
1.2534253811737472
1.0135282879389347
1.0448600422003156
1.0628581534644808
1.0499641547952028
1.0782647639104264
1.0274576867987353
1.0447814706597809
1.176608390827133
1.0642142049345478
1.1296180373136264
1.1231461987185625
1.0689364481976433
1.0510863307209704
1.0762797430830733
1.0672613661804502
1.0247522513472462
1.124419268314664
1.0316525073958736
1.0304580650346473
1.447570148964548
1.1772671386426306
1.0353077765343204
1.733761777012251
1.032359850258664
1.2001238444595554
1.0732850309649191
1.197040521149566
1.013499125856198
1.1035423265234676
1.1517334875923235
1.215669509903073
1.445930609730559
1.025102297102385
1.2953898420073167
1.0567017236589062
1.3230164881704376
1.486097988646705
1.07843538016544
1.4452528721101423
1.1753510884944933
1.0521704664746774
1.0419227499627217
1.1122129270247583
1.0210728495216415
1.0098138707140658
1.1215233096909358
1.0379643006341985
1.1138163499725988
1.1622662576430298
1.0603038031213503
1.0369512571662078
1.0277151087848457
1.1691962607516393
1.1425054674671946
1.0432008429883752
1.322170296085237
1.4524872085390104
1.0564046387015207
1.0796177305780605
1.1342124738755428
1.0305610594453862
1.2451945947060608
1.0620681036850879
1.2505546689491336
1.152991691986839
1.065651324391902
1.1153558985870613
1.0291901219129185
1.0245037475791914
1.165993382709693
1.025167549319567
1.106037207712396
1.0243468766892698
1.0610378614446527
1.0559534667476391
1.0690341676812956
1.036744041900733
1.0765243901101416
1.0157151665865551
1.1671077307837374
1.1663466091412449
1.2013038663825724
1.0695529209619656
1.0256665358079649
1.4040295348383423
1.1273823217714767
1.0424262332902552
1.082719397192339
1.1794115062121295
1.6735851093996503
1.027315313273901
1.0628063060535435
1.0393389005779239
1.1100733678404064
1.0949685781056913
1.0825385234512561
1.0312850239472713
1.140331145935834
1.081517765026326
1.0591076409869165
1.1762702016151247
1.210642200951222
1.0340408014415952
1.41338816310886
1.0425231864549598
1.4138809680646724
1.003227455289045
1.0441470770578083
1.1368303637076074
1.1914608011439591
1.0773197344981094
1.0727170769306464
1.0509095390214285
1.0169190519893794
1.2261155608750622
1.1512308539040144
1.5407767164323716
1.0614452013045619
1.2325461636414656
1.2129043340524213
1.7145953948202384
1.167628121333625
1.2245063891391044
1.009654837787691
1.017954771800304
1.035782765820696
1.0392340706358716
1.046024264519239
1.0499803652855666
1.1183949696668896
1.0337183282419495
1.0679833635428682
1.138506020041573
1.393013041301383
2.0489262748099084
1.0447496790580888
1.1017323774680312
1.2419222181984133
1.1215129539417963
1.0466099102023305
1.017474476198445
1.1952287008978502
1.0406184381030685
1.064206235541244
1.060420133334618
1.0273653640782932
1.2672927604614344
1.0313792174462646
1.3435231761984705
1.4591957332308971
1.0644916522065815
1.033806271431282
1.3712617516035424
1.0379310374681527
1.1328289055724003
1.3033302688328199
1.8872153553086621
1.191024063206435
1.01760977867084
1.194054023285569
1.0941703653025832
1.3777749656011158
1.0560689092445545
1.2274638722435742
1.185224854927627
1.1166094085583045
1.2749127002326435
1.0132632452854693
1.1571753587367737
1.0195823491438258
1.0609096837119223
1.9569498962753453
1.0728307638539296
1.1555455467044102
1.0186975575067563
1.0378338610820288
1.2234806171578159
1.1527021220292855
1.0676735449488965
1.0224599226238715
1.0631549029100469
1.0369941080938343
1.1871744672980151
1.1173083193605666
1.0290897326206425
1.0345885698724642
1.1796046141881569
1.0401054631224385
1.0429672897769204
1.0207812216070353
1.1915302590646066
1.003090832624928
1.0043580788834723
1.028564699385642
1.1455446770885829
1.0341370851710814
1.0455317477428452
1.023074489093547
1.1599315812400839
1.022104662170581
1.0446869769547387
1.0724047416271003
1.0256155787171124
1.1970344119981724
1.0714421697133187
1.2769015396335346
1.2013663872438642
1.1219895207558794
1.1204564819267693
1.0229209287926324
1.1095193428881074
1.0907205697275737
1.0211128762819472
1.2080140905758698
1.0417083842282464
1.064989056055064
1.0399001913423518
1.1126397966277757
1.1943774759525627
1.0198234574822689
1.0406170569478004
1.8610444502691414
1.0567433824775956
1.1049336285218396
1.0911259461403031
1.2065360197979678
1.2123520671013353
1.142875671337933
1.1275356918675692
1.1501751959809496
1.0313972677058088
1.6950261405530966
1.0904911052607784
1.2631571860764814
1.1340257095267492
1.030683243870636
1.0268433211164334
1.1149004046112465
1.0973173373116394
1.0958325645842808
1.0202696370099946
1.0639497336774582
1.0310637594793102
1.1236182041814038
1.0385258928887744
1.1046138566823531
1.0218451604488552
1.2295812604562029
1.0166729312858946
1.0539849249516544
1.0326847744221304
1.0404027323732261
1.0946513625156589
1.0258621682786846
1.0567896880836043
1.0082159401296116
1.167974942341567
1.3054146748186786
1.0254664613718156
1.0364695113331195
1.1454313815504764
1.1318329990159832
1.0491690928351602
1.0202673050493194
1.1129527681974196
1.0531555494878262
1.4409273341536617
1.0828908725158202
1.007212816985554
1.6000075064582138
1.0072249002036557
1.0305277464747153
1.2658415954787607
1.0278825133613048
1.4655164644658998
1.4263578050933312
1.0902770193086313
1.0329655200134842
1.0412353712130344
1.0503596743355268
1.0761316441322004
1.132524988104299
1.039740408300518
1.2091485922069578
1.1986305014223564
1.0347909775320416
1.3531126966968026
1.0633435082278313
1.1798143777766126
1.0212228561934693
1.067549788882284
1.1576463614705714
1.0135891685159637
1.1344215855659407
1.1000312668114198
1.0277236062174069
1.1106138825680136
1.0742743161730366
1.035337449595285
1.1144518530856538
1.2603822963142925
1.0345154809514494
1.077910308507861
1.025687633494584
1.0285479778249744
1.0455027849708005
1.0140292906700534
1.8207279633711138
1.1084038706476749
1.0290121162038477
1.0610877165392743
1.0357480893155502
1.0206595105333625
1.0475383331835637
1.4555534002001098
1.0246638462357058
1.0675680953041347
1.0511815101257704
1.4454167099110582
1.012867459724079
1.409610474152866
1.0305969006449112
1.0432988456502945
1.0166713395522873
1.3676712051211455
1.0500111932191776
1.0179171888192067
1.24082944320944
1.2897036850187402
1.0284959496335047
1.342736370274237
1.0990710015716885
1.0295387988248146
1.331590666435916
1.0964755445930325
1.0409458350703096
1.0906378479273546
1.0349879138715998
1.2751340887271463
1.0861663078044137
1.1676375181508336
1.0629702867377657
1.0821181784783678
1.1515940729871794
1.0504077749944634
1.1341688654561637
1.1233394281096396
1.025478070165265
1.1248048206954313
1.0288780384786318
1.0742625696321226
1.053591080355027
1.0575110464502324
1.1819924338330836
1.0450590239881972
1.9587246816974553
1.0062694053736525
1.1554644867193018
1.0802701418214873
1.259811281608812
1.0511866588540448
1.044032654139512
1.3079526690537786
1.0282862617632245
1.535189026859346
1.1292875919347032
1.0838132138612484
1.0255409451968482
1.0415213660032294
1.1935882817779302
1.0399310456903954
1.0536041148232798
1.0637236263130847
1.0686918620064656
1.0555993984811418
1.1159304432676342
1.262538865018728
1.0193376999193546
1.0658749587787797
1.0447273756998308
1.0471148774860115
1.0201452809983942
1.0367862138379962
1.5066577894224569
1.1795039563896774
1.4480353892825868
1.0733886076280477
1.1213792160518246
1.1272530828726819
1.0684493068066183
1.0770265641894898
1.0872430298382472
1.034218103349067
1.057100182691616
1.0419552217870909
1.053690330357395
1.1262240942445458
1.2310662882106003
1.0695737566675265
1.8241513377182215
1.0303004382800032
1.0938156143387767
1.0757745186212355
1.037867668745564
1.0495395829668024
1.0454487311769194
1.0992564166448269
1.0317851263260711
1.0387877235154988
1.1899207276720423
1.0585118200347712
1.1340500850624375
1.1518072499605148
1.0637538381355136
1.0660727640045942
1.153077501976489
1.2177889914992306
1.0307489917669848
1.0778900873272357
1.0532717271837027
1.014807388392169
1.0055188277309364
1.1302728830718876
1.0666181993495185
1.1506051996853934
1.0546607909759664
1.1339149073752808
1.41402762377267
1.0506541455886274
1.267639371111362
1.0305928485462021
1.010733536323767
1.0961887455109511
1.047079771261996
1.1406079977382593
1.1376308660659662
1.128919126565828
1.1197837082185318
1.0241397686724292
1.067925764363494
1.0121171653576337
1.0609810551232601
1.0431719968723596
1.0183553484189296
1.0322714465334641
1.0254593172490558
1.003652159849068
1.1108164669913903
1.1281177819581012
1.3246075793672625
1.1477231753979253
1.055078500519982
1.0437971707287805
1.0698579730718207
1.0255215221732037
1.07701948304539
1.0163966556013377
1.0674006724047165
1.1081452333980961
1.0160142708899138
1.0609799382764413
1.018882850443119
1.0817421771936662
1.0372911248423686
1.1833399990892537
1.0834795450369814
1.5509271339784483
1.1561576600084418
1.0370820129973402
1.0185061690408872
1.1531668447687378
1.0453155297935284
1.0697553204975696
1.0586880465096618
1.1093815465563739
1.0298139351125422
1.4341950159976735
1.1968455731821144
1.0236129257721658
1.0325528227017826
1.092737525285424
1.0196291542251816
1.0601157829954218
1.0864774779342539
1.0517764351959533
1.0600615432425164
1.011286443462382
1.2510364051871097
1.0660409224772796
1.0777906910950363
1.270952886780101
1.0503522809346808
1.1927728544408236
1.0084401638321627
1.1043157936479808
1.0567376522420486
1.0538707148180513
1.0821214849752743
1.0636548303383542
1.1480182397898426
1.080552024065458
1.0693001687968602
1.1163536701953138
1.1624889636869837
1.0430441933151964
1.1896797428703523
1.0289174241265295
1.0263668144539457
1.2165384335744698
1.160099349134684
1.1155588122708313
1.2398879149283806
1.1186694460212037
1.184081458415474
1.0605394302288558
1.134768153576606
1.2299115988400695
1.1387361602559987
1.4061386491811412
1.103810625964296
1.0491944566100757
1.139804632567345
1.0400794169372085
1.0255873593351463
1.3951349337524923
1.0973634071395466
1.1298716917792566
1.1548419528257734
1.270011271211895
1.067331029224195
1.1135368804233725
1.029380357360018
1.1312046995146887
1.1194123734360308
1.0696748384496122
1.0627396235991935
1.0456851691607851
1.1484063527016082
1.056498529130749
1.175526766746161
1.1281583581478551
1.0324432604818297
1.0696142083570708
1.0518025890142704
1.0643514454081158
1.045391726179769
1.1200981988100056
1.1883565076017006
1.0841907461864502
1.2459369027433163
1.2045198948665206
1.09118881239568
1.0428891160412677
1.0604337039108995
1.1646363645519098
1.0524315721713322
1.0930419793051382
1.1626124749038373
1.0367029940075807
1.1821394860843963
1.0183454815455535
1.038697835448061
1.1394287288056701
1.0920252011644191
1.1573524457218498
1.2297963749990635
1.1810830502938507
1.092888113031786
1.3734267760644452
1.318505323363624
1.0245684669616884
1.2156864347406526
1.0751326169823554
1.1962662571243052
1.0800378656114469
1.0251872332116108
1.0513536204547647
1.1179389868908407
1.1657002209735285
1.06209557305489
1.048712235999096
1.4144815337241954
1.0387558999456106
1.2177201441924772
1.2673891328719333
1.307503934707457
1.4878215798845063
1.9373174195773348
1.1128097792122857
1.0434401816321321
1.0585794613529795
1.092393633398077
1.0366064164079063
1.1284364474167745
1.0943335159569991
1.0989810613223843
1.2037792535866647
1.0550659888741933
1.0515490471248528
1.1891624621447658
1.1222145845621554
1.1019737256393847
1.0512848732803628
1.0888776063432881
1.0295218565117235
1.0444856037980643
1.0549161346460527
1.023449416564534
1.0176584395186112
1.0845429553488009
1.133820707117403
1.0551435024023192
1.0658631646309
1.2263326170683977
1.0923460429418372
1.065958039338737
1.720583298520939
1.0050748229779898
1.120398611236545
1.0837157799186705
1.063196397490932
1.0250919284476592
1.1385635846387805
1.0331225178474261
1.1444286967330806
1.1227762207837937
1.479540917049347
1.134416015850077
1.2087237742411014
1.032093390784076
1.0176874037038388
1.4796825602141928
1.0420335478663283
1.0921977912324317
1.097875760127698
1.0190200631287807
1.0563995010623164
1.090663722877835
1.3465343991079608
1.0668579841679804
1.051757395288616
1.115922901668326
1.069593960725983
1.14089258080544
1.0507920307801952
1.1667101927126104
1.0712242389631612
1.018936082600038
1.027680423585141
1.0597985152510794
1.6937242442040368
1.0102709027340746
1.2691034979993672
1.0235581226209904
1.2212914263181933
1.1573177132886012
1.1737031644382436
1.0110831330850159
1.229829281043952
1.089875190396996
1.0249105430219256
1.0613265630300124
1.2750065234241388
1.0933407923279268
1.0278473437611757
1.115902678446038
1.0094951782833776
1.0250163702225172
1.0462331671318335
1.090038304032522
1.125824061220178
1.0899621326494213
1.1917727687835413
1.0290357321784265
1.165127020051281
1.3898450367635824
1.0548008085315232
1.0932719973019747
1.0407148688942882
1.0153595916566334
1.1229271662583544
1.1201008833347137
1.2299424522889397
1.0406328207654296
1.4718563368742494
1.0279046760319517
1.0853257310151492
1.0391088656804899
1.0941351467983471
1.2381149966022946
1.1926114126117047
1.1272219859597028
1.1842311082522947
1.1432341572605005
1.2783739307055595
1.0136380027376537
1.0463806354720162
1.245811039848854
1.0121751366022451
1.0451608651683273
1.0811905351638995
1.1295964686087505
1.1875921439141446
1.0270182278735256
1.042906443801464
1.0780412231523893
1.0312300339678409
1.0058588466510807
1.0602966046472528
1.0946234165127398
1.225118289922129
1.050069815510397
1.0216103132479093
1.0185615638629497
1.075384525133364
1.123831402003946
1.1357578438443965
1.0248628235509825
1.228416169169062
1.0949785447475306
1.1166361947397885
1.0616041241053007
1.079115058533144
1.0286249434140804
1.0989699105298107
1.1052811685768005
1.0632071979221038
1.099602406722184
1.1470523579071483
1.148472876211153
1.0541554771514645
1.032183344093214
1.07640650096108
1.4258107805488618
1.0249240446007133
1.079980984126746
1.1392377589202416
1.0783345364865922
1.0311801847943327
1.0406937149263158
1.1092107249257404
1.0526201118955636
1.0433252409977878
1.0248393804376557
1.032176833420781
1.0500147745668003
1.034922748222888
1.2011142912255226
1.3944720748805675
1.094665857486862
1.0403984910838766
1.267308203446453
1.1297829884452806
1.1572671617182564
1.4317676259556376
1.0601378830493438
1.02107603123741
1.059729571709234
1.0451759773887461
1.0968275724274905
1.1613958535261273
1.0371261970482881
1.0942206476693683
1.0944652659642689
1.1964094022085283
1.0613896436213721
1.0350650861512893
1.0270247856292352
1.071747645214157
1.1230744020322598
1.1584179249821958
1.2303889728141446
2.1358785689637116
1.047795958260843
1.5300795994981204
1.3992981328850518
1.0970600775852026
1.179296167560342
1.02240068912931
1.0174691326395988
1.0616047342434989
1.1114032311092084
1.0380666743043658
1.0579537318128032
1.0277049197240578
1.088677572273032
1.1427664482180617
1.043551154981436
1.0316780860166608
1.040891149495868
1.013368334604443
1.0543161870498825
1.0390246855804086
1.040857428967241
1.0252023245805038
1.0213860991916321
1.0327603605771067
1.0473430810070294
1.0191739015075083
1.0373727754020379
1.3392285780757929
1.0343811923182484
1.046040646293012
1.047743209758317
1.0174977194655241
1.1584669307425102
1.0762081427797205
1.104699562423357
1.0170807981217589
1.0385050502474082
1.030864784048585
1.7642181537925161
1.1201510622421864
1.202763473923736
1.2785341768360599
1.0196256723803667
1.020517823368522
1.0425534269253702
1.1226294794163605
1.1264713500009176
1.1846791520775262
1.0653165284298993
1.0479929599528288
1.063746836839468
1.1284448958669222
1.1192086873798088
1.0980266912146757
1.0135141038626538
1.069482420493115
1.0390175677951432
1.0539604051479508
1.0983324833458317
1.0310911562269809
1.007917626461353
1.2023365282650362
1.391444070812143
1.2248231547309558
1.1678249648727992
1.1575555714968622
1.0273098455151528
1.0188696782369742
1.1154867252241991
1.0286088361140415
1.2313387329625385
1.0663626746563337
1.1495699878087535
1.1268485394243886
1.0371549998970586
1.2259049060005374
1.2270330507774612
1.0317880774414645
1.3152991659071547
1.189334097252726
1.037453780806211
1.0499581442124903
1.0196987023327904
1.1138000386807039
1.0669131509167342
1.5530313350250968
1.0752331145979912
1.0130194783221038
1.1333988990890391
1.1682819462432812
1.4158608411482738
1.0715154503247528
1.0182757971832401
1.0842020986633134
1.071420108061303
1.1955442858191314
2.1163035240552275
1.1487419157877339
1.1279042607718208
1.1873359262167849
1.4955745317954643
1.034937285185701
1.0845847405718787
1.0336162043479868
1.0192781013102505
1.0403373232388806
1.1962374329528656
1.055489623932355
1.1302637968690423
1.2207841674781732
1.0477420702770033
1.6120598527333634
1.141751885546065
1.07142237453202
1.0297257224333454
1.0252009921350291
1.059588260512281
1.0248086391162596
1.0592878412079791
1.1198916537419454
1.0814075303359367
1.4409493097913573
1.0273702277374996
1.1869474310929915
1.0999107374307222
1.0334485774106048
1.1823586707008598
1.036061409097444
1.217092833743624
1.067218382518871
1.0649473160752823
1.0225608051605408
1.0900450173037315
1.1400673099969048
1.096084136677792
1.1809370420368837
1.0214606841484877
1.0758574151870104
1.0645018041990353
1.1037114604625764
1.0114800966422917
1.0557537617435409
1.0550577187426884
1.0503764907445734
1.1526226212842832
1.039426967088788
1.0415540857274415
1.1238084345125325
1.0719328717716803
1.2879341100274198
1.0591486024947974
1.8569327663047683
1.0642711231089554
1.0141878232426318
1.0519022462739824
1.0664214530220488
1.0397058207159382
1.0318881515177705
1.080261101734343
1.0955813395412004
1.2590358130292278
1.1951383420532222
1.0252289042057507
1.0458623274588765
1.1361039700217086
1.0635380863753094
1.1095504336691022
1.4317185403117096
1.3324539164667315
1.1116771538453083
1.0637881570335557
1.0980086929507438
1.0392300291439627
1.0759132822780473
1.0900561730838492
1.2981204385593486
1.0315807043592071
1.0764034828021687
1.0685295326508395
1.117171461866304
1.046176154293166
1.0509159228372427
1.0651864535524027
1.1187754149673177
1.057981548138125
1.1305435763915392
1.0405725240687127
1.040305985218311
1.0615053624917938
1.4549140128985167
1.329672696513841
1.1621382252834913
1.1335104476434292
1.298868959992216
1.1959735659837507
1.0293453379136588
1.0573892023265978
1.072214689254697
1.0864458670616
1.0437339697639307
1.0836774981632256
1.0592823856393174
1.0232652262820707
1.0054950999570966
1.0647399728904952
1.0611669029747766
1.0590958642067665
1.1726490354594974
1.2279987277189321
1.0364069613988254
1.0918973883137715
1.0373280313468136
1.0937652859585496
1.1268360991467046
1.1056430624677411
1.0104596773055623
1.1955683404913058
1.1254752011457492
1.0253411025341375
1.1202842979923464
1.0250413335932016
1.0500343854213354
1.9171437408689638
1.0905166802664894
1.0678472272919337
1.0189129340825616
1.148187337984824
1.0126601152158077
1.1102395289176075
1.0848211554723317
1.0544239083204852
1.234130737226344
1.29727600665532
1.4666318677879806
1.1676065560964528
1.039739843934993
1.0204211597973907
1.0991483347515403
1.0715705097572594
1.022051107977847
1.1029335655798853
1.1636995607635476
1.3165260898286621
1.1260385884847444
1.1129876293356724
1.022019596833217
1.0730982062512953
1.0201625150622748
1.1020260097699595
1.9338927216348656
1.0297065688100815
1.0887304751032616
1.1821478597757906
1.0261999164811777
1.0858955946432451
1.0216774722475692
1.1407707419428814
1.0430561200765307
1.0477242368025208
1.1344435530412993
1.1051833346263282
1.022854097699325
1.2141097596929247
1.0477519883651272
1.11742757778243
1.1717687629599398
1.3593127295991216
1.151177369839644
1.025101103160783
1.0276201288183762
1.0387745152917958
1.0107944187833655
1.091444130630331
1.0449974752485716
1.0496267305637865
1.0718104730574305
1.4292184495182187
1.0224533833259326
1.2896443301843552
1.042762320330591
1.0915994257635118
1.0228629535048197
1.0645012816316235
1.3088431368568563
1.0490835804506478
1.0163857961899054
1.0791813779927883
1.047466961502253
1.023168041281319
1.0999116464704413
1.0765290688519433
1.0300690141693476
1.1044579043169587
1.0257666730748005
1.05317453240285
1.369757392788214
1.1131925445089232
1.115320615214242
1.0127485826519396
1.0538705392131176
1.0541885177640307
1.0221901519199998
1.16145765805483
1.0305171777223538
1.2697500153772037
1.0217636963531427
1.1311468671337659
1.1150944668520912
1.0468124431037584
1.0503504211130854
1.052948186886447
1.0774015262468233
1.088455310089008
1.093831146855904
1.064996384835647
1.0286427978361508
1.1051748786161149
1.0220584043799592
1.062102706752817
1.0316600887691525
