1.1271493216663377
1.1639402898228197
1.2045016944494826
1.180263416270004
1.1098109246308125
1.027635356477839
1.0686795932808961
1.0493269870417221
1.0245900837066373
1.0416966063767628
1.050428229098017
1.1349512080980775
1.302670721884348
1.126282251574935
1.190757636012917
1.0160730847696071
1.0241467698411353
1.0491667375570313
1.0541780722791319
1.1850843234344421
1.022191302920762
1.0430753036514464
1.0409396473344354
1.0561773356804813
1.2591639905080796
1.1845789896963048
1.0230348454582443
1.091708741431808
1.133609884677661
1.1160528148786075
1.0365602661824982
1.0501260895026676
1.0342526426385974
1.0581861344606676
1.059567468250908
1.0294372287597726
1.0261665646193205
1.028647824215877
1.1295902942763667
1.020503807909683
1.081577475672645
1.033623441701244
1.0561327803559475
1.0443042882458389
1.0338317943952322
1.0359600192434972
1.0381769335981554
1.0307623505628845
1.1523583992956599
1.06175479018481
1.1684814511472963
1.030361281491954
1.029307176480252
1.024931715011478
1.0294757385672506
1.028626238464876
1.0802507783524162
1.117653001624947
1.050741281682527
1.027434749465365
1.1804552706603317
1.0582976937558923
1.0255156591997356
1.1621764212964398
1.0978826844891263
1.0223295471639982
1.0485354745232685
1.0322178254513306
1.2643984383247187
1.059327384222067
1.0442003561017636
1.038237442111329
1.0452021120680555
1.0328911000617038
1.1249217353278451
1.0521937604561333
1.0396189657463324
1.1987282524265428
1.10542821594053
1.2624692655108534
1.142978219849969
1.0497256532112687
1.1183618892219997
1.1071959671411176
1.168380367845521
1.0217237672396327
1.0857418155366796
1.059223798171222
1.0346445561298807
1.0655298517999912
1.0943249824210137
1.040083906605835
1.026304501069325
1.066737707446896
1.1295124964316037
1.0821275820553777
1.1106271859018495
1.0716184393397483
1.0625194435346097
1.0451219513261962
1.0621198446975735
1.1347107984211104
1.0664100650485147
1.0871674665036608
1.0467283974857786
1.1093201911990347
1.0348995484842969
1.0958779423053038
1.0224503867865593
1.0552841625030114
1.024811420758979
1.0412866282887754
1.2123877713979407
1.013196897803502
1.0273521306402829
1.1082843054089015
1.0241118543930599
1.070021950956425
1.0294011589787682
1.0229053478660741
1.2401485949992885
1.0193263848557448
1.0430971202299684
1.1509549040557978
1.0601543485435008
1.1081588278278418
1.023509319723085
1.033401157809868
1.1996133659576511
1.1735827069972153
1.056398489728748
1.0706392175608301
1.03217716940584
1.0307219014878304
1.071483488432807
1.0196605935883432
1.0354721042378812
1.0333308504206637
1.0399234561830237
1.0300727153015037
1.0692636281717511
1.0483908447732244
1.0940289518148594
1.039932105538468
1.2211736269374205
1.1062411193399682
1.025019667495419
1.1053214318709217
1.167765515580441
1.0210015439291409
1.0577988155848672
1.0133406457434815
1.134974598086422
1.079920699144002
1.0309789468511426
1.0212955080478126
1.0357726378437708
1.0466516825562608
1.0645016141638484
1.044093622604714
1.029117473056127
1.2333764905580602
1.0528592103705336
1.025520140917766
1.2271342489634331
1.0160210865636878
1.0968384882432296
1.0403290044899323
1.1246944747520058
1.0607890943307543
1.0188547873614249
1.2167268339423871
1.071988006483201
1.1459140615315762
1.017942199056626
1.2109622521374868
1.0196973906320286
1.222017001626145
1.0328834733571273
1.1186492613483834
1.0151151025565557
1.1092942466997981
1.182789438950474
1.02758694171168
1.0725692501349884
1.086347839016407
1.0582553133878705
1.2137712794317963
1.1572391142335494
1.056979521036328
1.2139481356145894
1.0471093531156965
1.0260584547808005
1.0363596571588667
1.0223006214096224
1.108247190497342
1.030944586624741
1.169261819983026
1.2032352192538829
1.256094890861461
1.0237834747959225
1.1710927791207864
1.062794962038105
1.0244496380719363
1.1161007170200135
1.0667280576991567
1.0426357673967612
1.053041549336236
1.073326022137912
1.0352848703758057
1.1832079874782697
1.0770759306714324
1.0199174366142867
1.0509500950824398
1.041362677745203
1.0229808615586122
1.021938822628722
1.0468312350018114
1.0448157823667157
1.346302627861187
1.0245211110387384
1.0274734714924023
1.1254154084192056
1.0369102292553674
1.0261995731639528
1.030401453140473
1.0375687765961688
1.0512842297520892
1.0391074757384162
1.080012771726226
1.0496689142126179
1.16140351726902
1.0471495392378924
1.1268619983304247
1.0559097359723821
1.0237074694731834
1.040936155186113
1.0635623854179246
1.1395665478672203
1.0320230393820709
1.1751555359927002
1.0347498011028389
1.12258888194349
1.066046838567215
1.0221721354440612
1.0861047698340756
1.0170715812183917
1.027336445547044
1.0232674002431073
1.0225038907939663
1.0780060591677374
1.0230810657442686
1.0390892966591552
1.0592876668942932
1.0784353775520434
1.0367972056907135
1.043116121157696
1.0394183080234505
1.0180614910068126
1.0373384167120578
1.0210302820649375
1.1580104769684878
1.0322365126202082
1.2050927923062917
1.039748640235797
1.0036134284999478
1.086130092402311
1.3479699333617012
1.2343377680663872
1.0594767634045015
1.114313907591182
1.0859369543152408
1.027235760080136
1.0342989820699513
1.114784984886555
1.0593985772866685
1.1006898485551404
1.0168482326246102
1.0512452478237169
1.0469088566151237
1.0258217929954836
1.029986447339611
1.162639919043193
1.0192335587658246
1.1191808815684687
1.366876766039824
1.0368196934893608
1.0323597499531432
1.0272519685837405
1.1076006901372262
1.0580399381758847
1.0185620047427049
1.0948623959274149
1.0874293371347223
1.062243417687622
1.0295917101512835
1.044335158268864
1.2228837593901172
1.061752499619462
1.034852365121898
1.1545924940957524
1.1375839921569482
1.1208998246658066
1.0508973393139358
1.0458871954316598
1.0139253160315147
1.0243520463801519
1.0202872293980025
1.0352504465489774
1.0294939663782388
1.0283591327374741
1.0866841756357344
1.0198832093861487
1.0946815225413355
1.0194782869815024
1.0287603254987285
1.0431850791148178
1.0457240782978765
1.0282172558838736
1.015407750292067
1.041144042526343
1.0204453057979987
1.0684668324562225
1.0285215208892444
1.0223756151760852
1.20763623373204
1.0335048220494334
1.0927780268318779
1.1977786597528333
1.018991785991812
1.0479105691074497
1.1220354913280408
1.030898770353706
1.1627968613628181
1.1597484584521995
1.1468090768700294
1.027499372695713
1.0067065673032995
1.084389183328951
1.1285076145308073
1.1188329404125603
1.086326311336075
1.0399290789794973
1.0491412110482512
1.054975409192382
1.091403988822326
1.3215109503752702
1.173626469297858
1.0286634680603643
1.1739358821609045
1.0942292096572992
1.0191485165679313
1.024145429086924
1.0455513897819442
1.023110251012784
1.0360051517005933
1.0437869817586403
1.0511938862147523
1.1677742040386292
1.0400773499186693
1.0529023332292022
1.046315978589055
1.1009857310063835
1.0827647089161474
1.23758056437305
1.0304429597409044
1.033431209823789
1.0547983923922633
1.0999477940245854
1.0460654695664493
1.0465707375980315
1.034816665195652
1.098370739628134
1.0313686004192337
1.0410673626228455
1.0490306003997707
1.0326412197808654
1.2292164321843135
1.020718834914599
1.0654677758409508
1.1462682155188693
1.0495711129249667
1.28753756392602
1.1459299555295057
1.0604700787136143
1.2912072996738222
1.0381011581511284
1.0377659310496457
1.0422681833328378
1.0224010414348697
1.0510142411582566
1.0870119907597025
1.0485526117798587
1.0394759721446685
1.0478149681975846
1.0368496216480498
1.0400288469770613
1.0658478383256993
1.0265082093703324
1.094091425893558
1.0992978778112426
1.0358734164154613
1.0517896889140903
1.0203467221773022
1.0383824788354459
1.0237260640539039
1.026106358044884
1.0821586781827082
1.1986019058011588
1.0347895459675753
1.0406171653726788
1.0566898035278869
1.0343405166152446
1.060476407431711
1.0309602099095567
1.0629828564966326
1.0400657934617215
1.0462176960791087
1.023494964519907
1.0446717490669524
1.0367073767360457
1.0368821945854803
1.3840699560879661
1.0132968490935736
1.0193721703348448
1.0809979381955048
1.0698758496232463
1.0369868556037456
1.0940387747805533
1.103386142791084
1.0473275125850325
1.0230078415465427
1.0278645081660343
1.0764845514462424
1.0223822337857542
1.044879819505978
1.2612802191523567
1.139206689428407
1.0287756833344144
1.0276661912935097
1.0555118598037723
1.0290342067692932
1.107621707743892
1.0147857361392383
1.128891989283701
1.024694608380518
1.2310388035901871
1.0362876724040615
1.148640866351628
1.131477687710114
1.0294954790041697
1.1070609803094715
1.030921604711714
1.027749517317339
1.0272760194208552
1.0187254870540048
1.1298570123599463
1.1488234751844397
1.0748134726533984
1.2690895365201686
1.0325836434245657
1.0350103605996523
1.0718522708161164
1.0532084724146138
1.0403633983859024
1.0851195460465959
1.1072681975146321
1.125502438136662
1.031027630079016
1.1879809870486033
1.0445140900795222
1.0309872811775795
1.0316823842918539
1.2511452925579527
1.028413664924335
1.1364510110670256
1.0420310817584808
1.2149343170940894
1.0972187744362139
1.0696946528634133
1.0657941193957778
1.020848106635904
1.0575139935339077
1.0508918629925912
1.25273288413114
1.0280828987684612
1.027747659451899
1.0253415411173115
1.2216517609033186
1.0595747006338196
1.0363694415481182
1.0818217797895509
1.0332201884637275
1.02404651295605
1.0872047168503656
1.1316014723666805
1.0430397830354172
1.0203412521555901
1.163750991643905
1.0287290307438406
1.047466382825792
1.0738959882119747
1.022384486417956
1.0404957630498146
1.0335094084739849
1.0352155325197803
1.0742491745773741
1.127274761067186
1.1194293656844987
1.0233292119949924
1.0399131440645684
1.0224011067186336
1.029756639496739
1.1471260843533808
1.0369426767364618
1.125024558181115
1.0923371584331896
1.0782048172523258
1.1276138988556768
1.1883544503980474
1.0657430282745668
1.0615044006538037
1.0346256176523094
1.104125344964751
1.0272485779017086
1.0385100249295531
1.0212735964556032
1.0306020638292568
1.0461937433016724
1.092994618053407
1.0285583914382768
1.1406931886331169
1.1111250821724832
1.1082952550530132
1.0385283594461538
1.2257016758908437
1.076353681343322
1.1138574918264315
1.0397455703044844
1.053180042279942
1.027343771385596
1.0562922476626417
1.1290191405383145
1.0743685068453894
1.0342733041976613
1.1685539830995202
1.040795441075725
1.0331757934854557
1.037864545469651
1.1007135196006863
1.0219596971468605
1.0139258747661717
1.1352845278919832
1.032315917845812
1.1354734481543973
1.1091241940523104
1.0226122189916143
1.0706935409151657
1.05382360314511
1.1041288355443546
1.1501464500679797
1.0183453816185057
1.0238113605614498
1.0355309033105657
1.022602941023809
1.0558861094820848
1.274501509393549
1.0424490222148315
1.0624588011398322
1.0530269462442403
1.0340262388537294
1.233065145583052
1.1790059024531911
1.1224150326165745
1.0259076765008606
1.0450297968621682
1.044959038404173
1.0969846170493582
1.0479606553073482
1.1555842078326863
1.0452009156439366
1.0559261797864017
1.0694881799791442
1.0216873284399162
1.0356217233069154
1.1902972825150095
1.047561209098998
1.0341510219788452
1.0190488009227423
1.0830854977212965
1.284710765442002
1.02279476890671
1.0301390383682147
1.0318346367729068
1.0467835692025076
1.1311462328389705
1.2097938449099435
1.0394055991942999
1.036309754682666
1.047959951933157
1.025236916753285
1.0900656143343856
1.0450432054684093
1.0801339608560474
1.151758599549788
1.0643055774521943
1.032873714522583
1.0823855406912446
1.1855068943050941
1.0816669416595295
1.0325348381727872
1.0845869165118873
1.0159244296050387
1.0671839954003368
1.0579497850854864
1.0501382903801018
1.0499291498922034
1.016116567273234
1.113239768923312
1.028290461708639
1.038190124519525
1.0245023584903934
1.0382640607650937
1.0194849477720593
1.076714661564513
1.068990781740742
1.0216610213300608
1.028396086642501
1.0659216227350314
1.1931944479911967
1.1116100815883674
1.0217491771193958
1.0256262133492813
1.0433117890379209
1.0265730207530563
1.1927419319251495
1.0264170460773228
1.0439511403676718
1.0688289743156625
1.0445738377447937
1.041058369105799
1.070647273656798
1.1533476423346678
1.0329203336182755
1.0609410526443872
1.2168361806699008
1.0595886729169763
1.0293962798790566
1.0260835158583823
1.1390610106845809
1.0495777448293342
1.1771561843187037
1.0251982209717145
1.0379136315616628
1.144624951880365
1.0579522516829472
1.087379942168553
1.0611794518463837
1.1120673653598
1.2296957787873501
1.0392171643434063
1.1246249429718091
1.1232273581619312
1.0430320615560749
1.0512820583976552
1.0207404684111923
1.0252591494382721
1.036755899491027
1.022720946412487
1.229784603359381
1.0742465077814634
1.28340207153827
1.033264232639629
1.054071739806708
1.024941536831059
1.0568353070939902
1.0808932623566565
1.0353615515136112
1.0394842493343168
1.0334493553058024
1.031048811128341
1.1343394844447687
1.2385395900396692
1.0248173685282365
1.106040090986307
1.119352503940503
1.0836148224106301
1.0690724538914933
1.0492390623542969
1.2791359303806016
1.049340785139248
1.0452697016079397
1.1357460829250323
1.1104859519337824
1.0619810222500243
1.1128417758249411
1.053558679355831
1.0187600566842503
1.0397739330772928
1.0659225218270092
1.0694399627531381
1.2103411513990492
1.222704889585609
1.1515448714745304
1.1691174496776027
1.0235219068456238
1.3044774739825011
1.0405799963852358
1.1331389018377818
1.0962401689610992
1.025458598381909
1.3760847425049707
1.0464670507999205
1.0383729224091494
1.0536204040870392
1.0518763704160756
1.0376502341112896
1.0311700894869953
1.1423192721991284
1.0334985461910409
1.1205043043966072
1.035420924593651
1.1527120283912058
1.1628399858103182
1.0495377584358043
1.0278336520261053
1.0353489610471325
1.057291094226286
1.0883154138037183
1.162086584638803
1.018634954151608
1.068125384612852
1.050651699412691
1.045763140735682
1.1894390255147829
1.0197751250132212
1.2399856580423951
1.0205526035286767
1.0284698423137053
1.0274676366624724
1.054651254071595
1.0344447739360987
1.059642733444036
1.0856186840461868
1.0351677069479395
1.054704718564293
1.032264333655504
1.0665476508258909
1.1412694448964762
1.0235563617515337
1.0248729872710711
1.046059336494984
1.0904190485661016
1.0703789042701959
1.079275014294802
1.1278982640872206
1.177664553363781
1.0233113693553029
1.0896440867304609
1.0118445358190296
1.096314990483173
1.0364465326343482
1.024860403926428
1.023335639008087
1.0375509581511329
1.0362801692946606
1.2124170449095535
1.0405546461759667
1.0389890806009763
1.0732738023622417
1.0447108199813047
1.1235109956085358
1.2708329333784545
1.0309831591753276
1.0460572612884567
1.1223075016859214
1.1317763504247016
1.026895105595431
1.0459892933145565
1.024628322998246
1.0346087521114669
1.0333443400321203
1.1283345412259573
1.0797770638953894
1.0466995314764065
1.1961701963788007
1.100891719064299
1.043469585933343
1.1798431735556258
1.0945897491384637
1.037582559562635
1.0802388236101474
1.0386232743078248
1.0404631610972983
1.1812051043690024
1.036789013457713
1.179469255931731
1.0430693179890274
1.1441529258336898
1.0688224309159091
1.039025109316547
1.193617195479932
1.039172706043267
1.0532557485075555
1.0377589250269261
1.0343426354073726
1.0422493128435266
1.0387043031369547
1.070723059183732
1.0388393067061894
1.0369944686270087
1.0442733129780173
1.0348018941681771
1.0217922106251716
1.1226717700942446
1.0288657164273294
1.0711244700669376
1.1813363218365445
1.165948584853937
1.1761797918761512
1.0450324460463718
1.0250736600547536
1.0676256393134527
1.0391675332845511
1.1513641267035295
1.105743683437245
1.0336421704504974
1.1182532308610613
1.076032909506323
1.1256810835464257
1.0488121511855795
1.023150441967934
1.1781842791697297
1.0993764840522824
1.0244252094164672
1.165545799979375
1.1414360903677732
1.0313444501986622
1.1760610487636378
1.0243718049094692
1.0429344394160962
1.0183193838976523
1.20397188620147
1.111571285611305
1.177621282898363
1.1084065622487622
1.1609019774677691
1.0428040101786014
1.0432070377993021
1.2868497091823354
1.0330795784185862
1.0316707675721581
1.0632584134469756
1.0448336402527318
1.063171175315357
1.048194963248196
1.0490881207602887
1.0255244340672098
1.1022620481526373
1.0071937835026625
1.1362159424389981
1.0260811477644545
1.035266053670878
1.033970110987401
1.2223031364969732
1.1473055950535933
1.0346610911085696
1.044313398700514
1.0820875847760258
1.1081297289365881
1.0574178633870068
1.1260598685171292
1.0891369851602741
1.0557072110744894
1.0272706315397464
1.0397067906607143
1.056282225828246
1.0310415671893396
1.1228282765208313
1.1350208901014038
1.0290045654788709
1.044142040318563
1.169552280877166
1.0318375563152724
1.1490543074700192
1.0249594799618473
1.087754966815787
1.0419159047226594
1.0328987395767808
1.143759461629823
1.0264098399509258
1.0475204538729603
1.0262547354793747
1.1027822014698383
1.029343245148562
1.0303087453389288
1.0363930064799574
1.2568668902658728
1.012314339093757
1.0732874525219298
1.030173390332856
1.1259618997779122
1.0292947499422036
1.0609528463493563
1.0380133521885073
1.2225910989527495
1.0405860061915
1.0275903254407248
1.1296816159742284
1.0252602920056122
1.0482418912086084
1.0353871321236503
1.0224061383331975
1.0254610176807026
1.0667293768420576
1.1511096158728922
1.1185709272894484
1.146308351144549
1.0225557989098706
1.1438897181767633
1.0280952140654467
1.2827597114581184
1.0278581348429838
1.018177456011395
1.0637820960132436
1.0277894114696733
1.0314996124186406
1.047268879760934
1.0953122250491776
1.0176866787527463
1.2322998150484592
1.103154691581718
1.0513806440136977
1.030152834157207
1.0568936018335913
1.0262480650023018
1.0153835443476582
1.050717793221383
1.0100088772835478
1.020684939860497
1.0302673383074603
1.2120895098110647
1.022836832588623
1.0605614830357355
1.0292952860842504
1.1864272645924874
1.045682537759191
1.0665360523273495
1.1723128207784401
1.1046030764299084
1.0318314378049318
1.1833874892425555
1.1468047935458738
1.1079861473969321
1.0555040772705253
1.0480504937108113
1.0233702573100334
1.1423056779728962
1.0276082798708437
1.0709306674970593
1.0881641531550028
1.026958851532409
1.0288815137131149
1.1437924277814906
1.071642283302037
1.038388032684754
1.1432975657510485
1.0213528806513352
1.0517517912949932
1.0208627798383545
1.0482241152962017
1.0580837280195194
1.0861710322581197
1.107914250423952
1.034578770650301
1.0317709833806203
1.0214330757038546
1.02384291446927
1.1191060611645436
1.3225998174184124
1.0386079340196037
1.1287713708005835
1.022064946625392
1.1391476690869764
1.079342292232721
1.0322651349954637
1.085284424318757
1.1260068767909683
1.0414414943416026
1.1877414765549912
1.0148373657970344
1.0444644110443368
1.126319743921254
1.0482829299467105
1.0199684197055958
1.0896652522477133
1.0238339389173392
1.0204934554789176
1.1393209686177483
1.0214161438729095
1.0832978040042298
1.1488400881694552
1.118431816934615
1.0270069890965783
1.0268215432553751
1.1120242197387125
1.1501443488952552
1.2007630587539488
1.1349612379583827
1.029574831710793
1.0738961689843298
1.0192159591809915
1.0408071170771358
1.018658885908351
1.0337047269516555
1.0258986902617884
1.0375809084087755
1.1960892022976204
1.0486658152691817
1.0597700527933192
1.0231372696685086
1.0526103770254907
1.0352573121994202
1.1789301055852306
1.081226877796273
1.0305748632526204
1.0392694181466595
1.0234498182431169
1.0510325732717933
1.0464191019721432
1.0277620350791692
1.02091629620586
1.0740650383342558
1.0276763001870086
1.099037980941448
1.1149793658310578
1.0298308620619463
1.045758542815232
1.0266173912455612
1.032272471990711
1.052264672225722
1.0202272744733385
1.0340049938169926
1.0363982077774236
1.0168093891461376
1.1463903845278858
1.0559695007653893
1.0660143499911099
1.0211104424028428
1.1652374959361202
1.0482012142386905
1.027879122851408
1.0279904271894902
1.05896502331417
1.1287171515526526
1.1519261136865495
1.0592090320844605
1.0361820772648245
1.060289590520195
1.0517583789513893
1.0258158163947377
1.0216755285375272
1.1955682556346494
1.0239591811750453
1.0281083105595787
1.0745820650278737
1.2060441086507034
1.0887907172589262
1.1006244086491084
1.0135040780888598
1.2097925536075373
1.0285542498801357
1.0364499181067752
1.0446766500857594
1.209142075090097
1.0532196300084693
1.2835987002545415
1.0272978300382698
1.1252038582050505
1.0197329632816503
1.019287254460051
1.1415599473939357
1.037920401427036
1.0327481470158244
1.0221736285859817
1.030592949457711
1.1042751464078526
1.0237434438205928
1.3236730966109524
1.051011169867157
1.083850604845853
1.0313460536659258
1.0281870733677942
1.056006208426812
1.1950338497121555
1.035430100415052
1.0140511981667029
1.1743832892283348
1.025783208296421
1.0510150988249456
1.0241115557626004
1.0384130412252195
1.0256637291112218
1.0919275190542532
1.0953058917827596
1.0348117106061097
1.2877828861246459
1.0254898457783497
1.0188759418003461
1.0212826621282536
1.0322750866110653
1.0316055919208622
1.1688558520261703
1.1381617345936268
1.035029545487697
1.0214123320750885
1.0687333776385495
1.1571834980560807
1.2197785114439552
1.0331661869525768
1.0167666550634917
1.08414837279721
1.1570215365970404
1.0402743620813102
1.0411838297248168
1.0495695642244725
1.084466268809905
1.1154868763454062
1.0169182711941143
1.058552164264779
1.063585591119232
1.05209313530453
1.070140609905869
1.2079428140501678
1.0451425852579321
1.077655708923797
1.46568552221861
1.0525638915732038
1.0577112769707673
1.208611672555066
1.033528608679476
1.19823125832371
1.0342973603540004
1.1773908988210469
1.1294910803958103
1.0517196147363297
1.1409794725341402
1.1352634992185902
1.1642042112678783
1.0586463046628842
1.169705855387784
1.018767472822984
1.1022059172519583
1.1683307836712433
1.0747678772722944
1.0199878431142886
1.0259215806137214
1.20013751008494
1.0667346206828006
1.1193148307224232
1.0295872293756154
1.0238692200403434
1.0265372634357428
1.0328163934708514
1.0499219494837175
1.0414629867756127
1.156856099901356
1.0393542085049363
1.0414506980780678
1.1193210041627986
1.035845034885803
1.0290938423218494
1.0882430647998598
1.0219295596062579
1.1751638445332222
1.0446967007553352
1.0326064365795649
1.0724793660947596
1.0479231941800655
1.2179305194596015
1.0580346951673911
1.0751919340291416
1.0489952512334269
1.1708363908837984
1.1046091999306131
1.0284997906369824
1.1152885983821164
1.1305512746202175
1.048307067812963
1.2422922728113412
1.0480139996890037
1.0230778824745217
1.0839498194947776
1.0977915182218483
1.0348806677749554
1.0270711066802196
1.0194411557065368
1.037400855876882
1.0407457693697326
1.129475324952541
1.1241592866004477
1.130980827270048
1.1625700350645292
1.0466561943270645
1.0336898227368585
1.0222886637569988
1.2064576591403329
1.0396582883724748
1.2737385114233768
1.042684077992579
1.0309578079760113
1.1413934587605408
1.1859824205911484
1.0192331558724808
1.068822590402649
1.141224722183984
1.039218134123387
1.1400553907696929
1.04854559879455
1.0365897677855982
1.1060397649920268
1.0841301277164515
1.0508945696598613
1.2159634247857445
1.1150852105091107
1.0234003726711982
1.0962949520778635
1.037748451883643
1.0218435729842228
1.0646111124131337
1.1794727531428755
1.0376288564613432
1.0312813409443657
1.012749530377963
1.1656012759375025
1.0415502753361785
1.038695849557605
1.098577160880256
1.092638555791896
1.0609512620995447
1.179046498118152
1.258109818649235
1.0480772998811287
1.0263146470704383
1.0260939201315658
1.2622477911327135
1.0352413730872505
1.0983872601814852
1.1056525134794342
1.106611876623343
1.0998816300830623
1.0595298786551608
1.024785241960428
1.0251317812287282
1.1801355428857014
1.0261290194182757
1.1056411215723505
1.02604026384589
1.146266632352351
1.0302377761830193
1.0250011103971335
1.0314568978047596
1.0246406900445073
1.1292591707342534
1.0352434165652913
1.2280950296116078
1.0275977332761843
1.029997906232062
1.0363535984914163
1.1535101413982214
1.0946158678904376
1.0325637597344002
1.1241800276443328
1.047604080963291
1.0253910961928694
1.048422698250508
1.0492322311208924
1.0827060851379016
1.1265897377209488
1.234977438245621
1.0256046055223962
1.0248082718946583
1.1856545565064598
1.0576323254167828
1.0401482047911508
1.0171579606650698
1.0324592954516014
1.0879928786090372
1.0358508003611735
1.2100078375854515
1.0431617121535528
1.0244884310185869
1.0198063151075067
1.0534323959025391
1.163529274066211
1.0200496077084777
1.1338897146662477
1.044559850981324
1.0998210297726205
1.3073920259176801
1.0252571327480402
1.05635937305742
1.2339695294396205
1.0239841206083211
1.0431860676841593
1.0730522867572787
1.0258749880511722
1.0356697664956598
1.0330272415037074
1.021809294879504
1.0170909690604126
1.1475933202899333
1.0528367657361064
1.0302114919258887
1.0298836470949109
1.0212453034802536
1.062328643564926
1.0130746842207337
1.0468819957771496
1.0606992984154213
1.1297575764066183
1.2872744697942107
1.0236486476332687
1.2422641908691097
1.0316380207097955
1.2874984917863455
1.043968436464339
1.110415501840311
1.0198374024040735
1.0396000129007954
1.1111683364676341
1.1176689388235588
1.051504291351397
1.0563813908436575
1.1022937947176237
1.0214854245700797
1.0511035987306159
1.0467359602209765
1.0388043894947914
1.0212497635397564
1.045974142669341
1.1054132510058972
1.145359069050534
1.0249625985902275
1.0723573975565956
1.1876960493209323
1.0180396699110656
1.1820937443818753
1.0619590744387977
1.1512599045232428
1.0096049577413915
1.0575901262059502
1.2581898969821763
1.0325637296754395
1.0376986908091643
1.0406934295625552
1.320397508366328
1.4060020392593426
1.08192675023297
1.1121791070053868
1.0237478356137457
1.0618364829748825
1.0611358354532858
1.0520666547259079
1.029694822339174
1.0249203176573503
1.109371914743819
1.0128679045299134
1.024346630803766
1.073224416691897
1.1282161213821764
1.1385375739580035
1.0708663367896343
1.2548359068929615
1.0282998999838542
1.0205669868148544
1.2158799218445213
1.1250950921801213
1.1415879176370662
1.027000486173388
1.0467501918797604
1.0297182581589188
1.103988899902303
1.0208694720908702
1.0374312165148603
1.1319608315425702
1.040294141956172
1.1295293647665665
1.0216247706758366
1.051428581537836
1.0386661229809822
1.1105418506381939
1.0907920933790414
1.0274095237142582
1.0229529412028326
1.0806989995792766
1.0241228698365563
1.0474719682845752
1.0695445680737938
1.0173297924438527
1.2229849190194315
1.0289815354644793
1.0374321662026451
1.3836826370246278
1.1579407257116194
1.0052134766162495
1.0178572379840847
1.1701862865302093
1.0175679947498004
1.024343984795652
1.0252638067998356
1.2089988489423815
1.0552146575484604
1.078583435052624
1.1641121238922172
1.284486020280452
1.0378557362851613
1.1834753519632975
1.1956807606332749
1.0303930884000296
1.2160693905464586
1.0541214457280141
1.0321121140439846
1.0298420493690927
1.027905548552689
1.016972527222687
1.113671457043766
1.1630602915309811
1.0770335558248434
1.1267975873851521
1.0462418469961092
1.0635406331923214
1.0214876787253553
1.0301755299300517
1.015094976437484
1.144815891692221
1.0994963112084548
1.06292230028495
1.0301306250289732
1.030203697768349
1.0306311818552547
1.045265071798501
1.02356928788591
1.0285106739668466
1.037993417664607
1.0796273940728154
1.0223501616292192
1.2201987619057362
1.0219111773173104
1.031788819464409
1.0376814502263083
1.0385311298738564
1.061951413281789
1.1813089002923478
1.0609664671226466
1.1742607373019844
1.0286964049942988
1.0907069471565292
1.0210790041332989
1.0177664887401399
1.1333738696768065
1.0440717059891325
1.1851108063207816
1.0179924541843484
1.022719846688044
1.03019739835564
1.0706182250313843
1.028964616289857
1.1334341914252075
1.0465710662487642
1.1506858006187362
1.0362852328980197
1.2626281366232246
1.0339509337087813
1.0214402533523428
1.0484618797215166
1.0198836426548765
1.0876119592370153
1.0355343266548174
1.0510855532661574
1.0493772513795208
1.1595149409256582
1.0367056450114713
1.0437374813607678
1.029305787883573
1.0332855939943062
1.0985982588440475
1.0984381330155129
1.0566705476959808
1.1016829459504822
1.1304952315296326
1.019321505607299
1.0423903875998413
1.0195684414739732
1.1690623863083829
1.0415430724528296
1.0126802944359272
1.0494707760031958
1.0939868069542402
1.0407417055758728
1.0287762334084163
1.0704698728802207
1.115536672944643
1.0825225431898182
1.0154103953621483
1.0400878957296933
1.188068602804847
1.046220795985938
1.0235524905305924
1.0598285759226067
1.0657424873517882
1.0457175775303424
1.0474149426526123
1.0373634375807192
1.0542855944670968
1.2295222275326783
1.0394145560811394
1.0455949544628804
1.0228891274088978
1.0199834677124582
1.0328151535254044
1.040283493889374
1.0578335946805222
1.024570730059552
1.0493153128020303
1.0758264589669233
1.0322943514024823
1.0309650241245734
1.0559533129419163
1.0266418719942472
1.017138016923123
1.0512855003561423
1.0326123942719168
1.0502567659092947
1.0257201535607814
1.0235065074190923
1.0984457587551422
1.2027447328637202
1.0444999488485003
1.040105492867617
1.0243522207666187
1.2003440189315218
1.0984765467510003
1.0745652145833569
1.1523595552189845
1.0320649913013284
1.0347970994109998
1.3235228953266593
1.0624015858202827
1.0362747610092446
1.1101773901214076
1.0325411748806097
1.0403819786302537
1.025899751475722
1.1487864802144783
1.1308397671407335
1.2497478595855764
1.0460139080521342
1.151429387482335
1.0447896431503396
1.2321593256905694
1.0386110128328079
1.0624188363964264
1.0303982463476455
1.0580988945686474
1.0468069431033606
1.0515981846384144
1.100710325755105
1.0673811346130277
1.055481256223488
1.0312590670929045
1.030932328104459
1.1550052475882808
1.0851680506904617
1.1386291032248121
1.1395797423144878
1.1450877855528994
1.2388967913637572
1.0193169309256576
1.0743291632669678
1.02396937114101
1.0366235521082092
1.1294744983645137
1.0369621123619068
1.0317530267313717
1.0161358994207654
1.0216481909949577
1.0376644921155431
1.0445132206448935
1.1515852604524883
1.1606302636501484
1.2056579155000138
1.0399895028015878
1.0229907982053323
1.0321676616189759
1.1541970130053967
1.0925176420764655
1.1467416178178158
1.0378604342046565
1.504678141917529
1.0753660075551243
1.1158335255656375
1.0401050774157474
1.0271396430358832
1.0572756572258801
1.0270963347848563
1.1019798803091956
1.0960980239485258
1.1272208980582823
1.055158428458464
1.094616894135987
1.1939999087643471
1.298531566249096
1.1831705941989352
1.1043995514003522
1.1183324198035411
1.0635601738560723
1.047357328034454
1.0341329250023161
1.0537534592140267
1.0192231868952055
1.02326419486464
1.037065471482173
1.064327707035941
1.0377268084409006
1.0771230610972973
1.0397575071194967
1.1273452694320925
1.1326599542824007
1.4119186192634434
1.0192646208195026
1.0919652600519762
1.0988962205765807
1.0507441945453802
1.0932060236510417
1.030664346704754
1.0596406701997252
1.0256633277273823
1.02730149352741
1.0754300097625413
1.1882971817568995
1.1545272608084045
1.1460085018419035
1.0819170997880745
1.030671447695823
1.0401430205286175
1.0412306548243524
1.038534533070704
1.024798021980407
1.0391803674730238
1.0349705769925568
1.1292416177260387
1.0264015679835083
1.4242403822433527
1.0078406656856504
1.106644687126917
1.2024481283589437
1.038176586024029
1.0533659721646182
1.197437722760549
1.0336407053477432
1.0322004906060325
1.0540799883525105
1.2321309383897012
1.0222911411174658
1.1894541433658152
1.0354480774703998
1.0067572678896328
1.0168375917458217
1.0400118836267256
1.030490120391189
1.0097473789379383
1.1136782344035874
1.2213473070330347
1.0695104127825277
1.029138331918962
1.0825745387730796
1.2214247377122818
1.0563924004713805
1.04477943018859
1.1714232585423434
1.1261467650062345
1.0052951934783376
1.089387934629302
1.045881715055925
1.027002840918464
1.0301630604725134
1.0427317072802242
1.0505134228131647
1.026247606769679
1.0888126792353825
1.045507367779049
1.053397030789468
1.0265620965210072
1.2494615234729725
1.0865477365940297
1.1304693657500766
1.057868337888892
1.0550049861545552
1.026556915008064
1.1883895973714969
1.1043924335565272
1.0401782960355814
1.0485449134119906
1.0498829594620713
1.0703033559799275
1.170356038068907
1.03366324901082
1.1408040598287135
1.026286448878864
1.2013566949736267
1.0332110748057053
1.0585064394996144
1.1528461214383507
1.0322664944388178
1.0680969866993577
1.1932697848533242
1.0825991718774175
1.0122261482420152
1.2635358205427607
1.0803657818104258
1.0993119486265233
1.049812200272642
1.1414802422050114
1.0526714362706289
1.1534867582364534
1.0860434346317032
1.0356872457067352
1.3200879150327605
1.054639712658823
1.0125394155252585
1.0825620674907266
1.0342894139320342
1.100461924010832
1.0218041790157468
1.0239685552600082
1.0440518374070165
1.088714551895359
1.0345234658469022
1.0285191357339583
1.0915784870874128
1.024754906748105
1.0357056512092315
1.1233298561318996
1.0195542038029428
1.0246613805260893
1.1328574472544195
1.070808252713746
1.0607609611955855
1.0586097448449834
1.1077660070194992
1.1829734924441035
1.1273905061272917
1.0039551644163667
1.028257956353053
1.0340587950822233
1.0192841453716566
1.0252760114495265
1.0417893295447778
1.0238112178915617
1.0266025190253112
1.0269271295593854
1.1826007664415703
1.0275305090740439
1.0304286661031234
1.024300256558359
1.0754534483061327
1.192379687218508
1.1794417209656816
1.0214817239654714
1.0195869112798317
1.0442481902899934
1.076157916068127
1.0285531096379168
1.0328079589478607
1.0439373728769714
1.0942067981998684
1.2166719008839573
1.0518238999233545
1.0360216678074325
1.0361380634226587
1.0310429279791287
1.0278676127857036
1.0372705765213466
1.048778962445243
1.0634992759243778
1.0479399669998908
1.114304483276411
1.2078395546963872
1.0295282792200504
1.1869050190011106
1.0446390410159268
1.1691301681704065
1.0328414088816105
1.1156359693512192
1.024848305983451
1.0251409259612416
1.0253183677625866
1.0473503539827007
1.028638464794578
1.0362394078461665
1.0385612626046856
1.037481870346012
1.0295427179863095
1.076427731247253
1.050655260583227
1.023822899352794
1.0463172097772497
1.207493693294219
1.0372795531338115
1.137007397596374
1.1860315713274068
1.0180525906954208
1.0328773688982247
1.0194406629469197
1.0523933168316535
1.0390567546755385
1.0269457545337999
1.0274586541723802
1.0966793498578493
1.0222706460357003
1.1620833973571238
1.039368259540074
1.0310909842508194
1.1122843829821958
1.0495819210493218
1.0198581559363917
1.0186542785192838
1.1190187071664153
1.0169066234380977
1.0562330219852887
1.1271676621212274
1.0645653033222175
1.043787864852981
1.0303163831758786
1.0230260913915243
1.2006712246524835
1.2347296274040396
1.0311060338707936
1.0631275897239776
1.0927278561222076
1.2421302720656289
1.0272315841425876
1.0408655126005013
1.215031691659371
1.0422163222974967
1.0681161862706863
1.017204288335579
1.0420500517180242
1.0752557417826853
1.014321549662574
1.0065895146699146
1.0429507346045928
1.032843039244053
1.026829182445573
1.0242175724011435
1.0286387008153424
1.0827946942996243
1.0568307121912093
1.0696276629756052
1.1226370284671114
1.0325979333988038
1.0264207834961934
1.1309838535658123
1.051967507142942
1.0607906356202852
1.0261864458111747
1.0270099862376214
1.1748740312419095
1.0260139354817965
1.1975040290926389
1.2116718079422435
1.0257492379993849
1.0804807682864916
1.0235905402395167
1.0318506610304727
1.035062756479532
1.023689964632736
1.0485037180513994
1.1469664519970313
1.029733211037753
1.1050215295274808
1.0695135942510465
1.0333448488160784
1.0318906108475205
1.1782848116831341
1.052714367416147
1.2118511774736527
1.0307684606247924
1.1174489898312001
1.0233642631893918
1.0060907812988584
1.0290725760053172
1.1196573366690878
1.04062321807318
1.0504870709459992
1.09074906400707
1.2258059039441807
1.0196259739130675
1.070092108504236
1.0217182263860105
1.1211576872260451
1.0444301064567774
1.136732893976926
1.0462945415258817
1.1594149799312725
1.0371957679623254
1.031962056550376
1.012999375399017
1.2873524539031063
1.0316933724496693
1.0346275298669954
1.039394951424546
1.0222983625489255
1.043541385152843
1.3399038641038674
1.1060334390635294
1.043565460050847
1.0261731623843775
1.023389426744723
1.063499259446431
1.0255479336360962
1.0935115198113337
1.1499243967810953
1.0251910063460783
1.0812189319592835
1.1191737610338484
1.0573669310349867
1.2021250694603347
1.0620270814283026
1.0415362751875021
1.0323189398552395
1.0452972119265267
1.2490431773027144
1.0242160385029273
1.0552849221058918
1.0603692022677509
1.0262688588830509
1.0614149151721572
1.3801453942045623
1.0665389512624783
1.0700523501039558
1.0266109134754136
1.1174104150889705
1.0318779278114496
1.0314753813055815
1.039437090196192
1.1177116080500074
1.1002142983492582
1.0272112052394347
1.14507783092006
1.0611605576181826
1.0358472197300002
1.104696946386793
1.0386671190713208
1.1143115536449777
1.023760044720798
1.0196970507550682
1.1395471840717686
1.333822840614237
1.0476259777270223
1.2559237213769636
1.0344098837320241
1.0228284049837604
1.045665199719733
1.1228694677715032
1.0429066422243856
1.0264180880167355
1.0383406783148863
1.0629980347371129
1.0429890056055244
1.037396262128829
1.0244499400154015
1.1317360758771946
1.023852870581947
1.0205405721893255
1.062068459838309
1.0564524121681034
1.0452567173896652
1.0133787260820717
1.0351819329950498
1.0330538079341411
1.0205697614289788
1.0704637028235462
1.0269832508099868
1.0245023609423742
1.028464699593799
1.0562842367080814
1.140947563455657
1.122562162574902
1.2224324306727348
1.089309329789332
1.0300701894633955
1.020328692630313
1.1461411618654738
1.073342126555271
1.103775925237967
1.0323580425071899
1.0445009221047237
1.0281581709770657
1.0236845755007546
1.0645544909546218
1.1447793457752724
1.2797302529928274
1.0517299802513917
1.0270991002103766
1.1873930038092013
1.0380338559587374
1.272477729889807
1.0341107775907865
1.088421434795881
1.0264190496642935
1.0248555314217276
1.1027346194249654
1.0825950554125692
1.0304942495905383
1.1568925381497925
1.1200675846963069
1.0376861686583017
1.3668500358902425
1.1117638818239377
1.021120500389962
1.031773055896792
1.0249052768966083
1.025749763224747
1.0201653290081838
1.0423211813540567
1.0290955022217543
1.0479719973279513
1.2260320547466481
1.020785579155245
1.0491015764240896
1.0493005958148194
1.031094277924044
1.0425812824166287
1.1180466970242824
1.0180178982547212
1.030822603936036
1.1664506944758708
1.0532729866170059
1.042280672293528
1.0248374611028925
1.0412252966489612
1.0386099199378092
1.0593805649905639
1.1831354434324268
1.0375909589033014
1.0166790985599803
1.048932190544793
1.0398161871435787
1.0287609918840719
1.0256340131522141
1.0280671477934844
1.0232143214829992
1.0212346064481317
1.081341643979823
1.0310125263571677
1.0271109227861996
1.0894177748679856
1.1986815297293565
1.0213840210780525
1.0843533623875516
1.233038027318009
1.2244973493352664
1.0264074780375145
1.049579974302689
1.0788570778835762
1.0208309101386186
1.0761891339195615
1.0871319702765674
1.0603859732028138
1.0570165320085934
1.0998976227908666
1.0533817795387819
1.1019441187912995
1.0266397345512541
1.0903534256025766
1.0258507953166167
1.0481451664749803
1.0304922208315646
1.0498531448927464
1.138551212825803
1.2199400389099637
1.0672822256600678
1.01430014243579
1.0322612672254265
1.0728778939557653
1.03163815110224
1.041710775599025
1.0886582492732717
1.3385922616187853
1.0983092150150586
1.0197354422740765
1.0642536592722507
1.0228941252881907
1.0283862043445946
1.0974280211601248
1.081082739216928
1.0216286929954463
1.0275566317248452
1.0059613947936081
1.0586193909771138
1.015439548851513
1.0382805293376776
1.057771703523731
1.0401177075056631
1.1154015255710985
1.1195916666791317
1.0746182316739723
1.0465863480140962
1.2593375872585604
1.0373745179993914
1.0207976882325192
1.0385701280217534
1.1900164194192573
1.0125899623004129
1.0485382265641694
1.271394237373304
1.024121363408119
1.0218188931159606
1.1994114442541013
1.2897976848272261
1.0663896043449757
1.0252374122674126
1.2014706590137676
1.0321047637768863
1.0481105107455393
1.2596875576254367
1.0332644829579307
1.0528897774983943
1.0595104783319782
1.2227178523116908
1.020241493986732
1.02091029702323
1.098818265223632
1.0269451144303792
1.0294276988272935
1.3066963958065128
1.0528695334343603
1.0919534411302598
1.0640930600808625
1.0286970402767812
1.1324827129881803
1.1628850578569943
1.1715792304525345
1.0206665504003203
1.1346989985966545
1.0391054945632192
1.022881685746762
1.1101620041207496
1.0286128970301254
1.032487864103453
1.2087841641804011
1.0662947337851152
1.0372359172919117
1.0311013638576718
1.0370778592955425
1.203821068161162
1.033993384693094
1.0267986537970428
1.1327916368256654
1.020728343869207
1.0236601842710131
1.2113829268045655
1.072162517728003
1.0595987852979487
1.1131825416471102
1.0994345953207914
1.0633325593618128
1.0058848997895355
1.033110968688629
1.1451470222672904
1.033096272801477
1.021216739210085
1.0388176269582707
1.0159018082751203
1.0360444416659391
1.047377299406335
1.039095925368636
1.021965612394266
1.1552647705996508
1.0331623763878028
1.0382776209413718
1.0309530812360248
1.0176386761326948
1.0395676490150152
1.1024296672351719
1.0788347673107483
1.1422772928088223
1.120955374691018
1.0985933633178324
1.1886015807627823
1.0872724249579773
1.0466211593106
1.075839850277815
1.0067388038322544
1.1828115386193043
1.022345445477701
1.0600907308725995
1.0964618062107676
1.028284488675225
1.3247228802993696
1.1410956438897957
1.1509829800676639
1.1471142508025345
1.0706888070026754
1.0403683592181514
1.0240484886752919
1.017641551504992
1.0804702086789026
1.3008932693361814
1.0372800844218468
1.0522349455952926
1.0783183951258204
1.0302408225636477
1.0731393303713406
1.220233451725317
1.030757331970337
1.1080327722035073
1.0139465980504958
1.0191379309725699
1.0859196293505924
1.1862119740005688
1.1043691430812224
1.121271775469159
1.0293951267005286
1.0460062905689302
1.0415061613904997
1.1463419310082532
1.0604001667326501
1.019604463708693
1.0352443242317593
1.0193921993000647
1.0694096696885413
1.061324172506147
1.0437778143467615
1.0624118183397036
1.0187390585510103
1.2844013823362386
1.1408173906040253
1.0253013515407323
1.0287833713575365
1.1040923163750707
1.0200297818379074
1.0507399416777272
1.0327360359895654
1.0224134624806014
1.0330262973826807
1.1191803753901008
1.0520957553889267
1.1029981551912829
1.049679463806703
1.0466732223996182
1.0288739734713293
1.0253541338483279
1.1521886079270998
1.018538716249489
1.0149640726305273
1.0291355873482033
1.221735431067103
1.1127645660044145
1.0452325411164574
1.080143385879684
1.0301794267582047
1.0374159479389167
1.0318697570877269
1.0312558532156262
1.1830989966644132
1.276283272034621
1.0278912110366123
1.0465918768500064
1.0344912089674716
1.2147537933109551
1.0807619359919138
1.0333031929381005
1.0243453983477753
1.0696114483286845
1.087354830980384
1.0401941268197643
1.1780054126031403
1.075524184600305
1.1082603231285006
1.0251634910294298
1.0342689905122404
1.0168019097283327
1.039909490752408
1.0297252720242938
1.0241503514576056
1.1624795287133647
1.0264943613209916
1.1381591867304846
1.0119159542127178
1.0286831088082256
1.025864665413824
1.0286400290488529
1.0368619338225447
1.2494462665655106
1.0175072146121547
1.193836006004883
1.1230692879444244
1.087619192079844
1.0244061580996318
1.131943500887024
1.0310904644479848
1.094167676651074
1.108213352162625
1.1479953801654537
1.029683608164263
1.0398667564186406
1.207960699129541
1.0289632345844748
1.0327651194777292
1.2097767755288247
1.2589856596802511
1.0932649237114225
1.0210708099856027
1.2638422783625916
1.0251774881903526
1.0703113024624122
1.11016023894593
1.0416805929177764
1.1397429737589189
1.0165401436902628
1.0505396889122223
1.0218370078147108
1.133165130962376
1.081174141836608
1.1340102875757379
1.0840103090278481
1.1761959055769273
1.0467912354872482
1.0422172784977088
1.0827456666842676
1.0872429590176975
1.1958026781132687
1.087751409128342
1.029962505406896
1.021013468309495
1.0421230195346587
1.099172160083956
1.130356321769217
1.0276824056417688
1.0271548725101203
1.0261430007070722
1.08599277758467
1.0255543997293841
1.0476554545965349
1.0327560409915963
1.0270033428643475
1.0346326990492916
1.0293356148893802
1.1623400276445515
1.048785262610881
1.098095181922549
1.0438266096312288
1.1659376094200418
1.0436491805219548
1.3207292639355879
1.0329693435060243
1.041070062872763
1.0392427876081167
1.0390089024519238
1.035206902813328
1.0366552288953303
1.2153493291557915
1.0259262622168352
1.067786324837518
1.122346412119311
1.0388925925258006
1.027152459809309
1.1416798468588487
1.0318171236057825
1.0121407384726349
1.2418289908804405
1.0179216908797044
1.0599740184316542
1.057153315378567
1.0229759910612217
1.058812041572293
1.0298297730020967
1.0206754189136713
1.215146281979937
1.0542849311650684
1.1634079857084925
1.1641757686407932
1.0864862358121856
1.090395997727728
1.0323034011716141
1.1722010776645684
1.0363574725975975
1.0651255378125437
1.0202406141171596
1.0287592296435695
1.0202720932104443
1.05873476683377
1.1565282346205783
1.1459433725145713
1.036153716379431
1.1433897762897554
1.233283788919314
1.050718143281528
1.0651968157735612
1.0291895073555473
1.0262768874751804
1.0654762163400961
1.0260961650471558
1.042834467460159
1.134183995859723
1.026271737851326
1.0320774832260735
1.031880920830247
1.0247430682603054
1.0512414274536872
1.0303494220602571
1.035825000209584
1.2192256544799434
1.0855785471780397
1.112370731908517
1.028041986164151
1.053259759963916
1.0379425470736023
1.0760665537635987
1.0795350492885476
1.0363818777551936
1.0283359041256044
1.036318774130707
1.104795424544399
1.03730574660326
1.1385850967076288
1.0231195702052513
1.062374531731118
1.1620379071449072
1.0286743507421037
1.031952849443826
1.036433717398813
1.197284593875638
1.030364216433894
1.0524838772319
1.0524084308775388
1.285987838841827
1.1289701525215419
1.0236240888304
1.0446444190769397
1.2063151194822652
1.0289969559905614
1.051858312905057
1.024935426561147
1.0617829352154662
1.0408639497991152
1.0536732353687035
1.0513446278522085
1.0681987580219086
1.0268566832101327
1.1088029460045108
1.0535557685897423
1.0564882778872442
1.0902236809523043
1.0351773947709915
1.2856297936895336
1.029952942096845
1.0515481948125713
1.0320898521825708
1.0711267957996478
1.1236558034329678
1.0390619455658736
1.0574643678860134
1.0344993571232792
1.0643688257610555
1.0484342025529443
1.057874766357546
1.0457548405925492
1.021195400481495
1.020841878354029
1.0153131498767631
1.0616205365785305
1.1143830054368618
1.0251992277408293
1.1360185404040077
1.0238120169489042
1.065621597573825
1.0425330693580885
1.0442760994780007
1.0724448713775658
1.1454341856671741
1.0337929148626954
1.0600969203879085
1.0483492914371129
1.0040259151605675
