1.2847610929314341
1.2192572094024552
1.2426452943260795
1.2410967909454766
1.3153502939780444
1.3701688439689628
1.2887621908781963
1.360933328363911
1.3698545971021394
1.3875176396315607
1.3377017593918306
1.351431234479393
1.3955726487764384
1.3782389981629561
1.417998141035872
1.4186076074393046
1.3544421851179085
1.4046827756057727
1.4202868317153015
1.41495339344678
1.3978772077016488
1.4408382910649975
1.3508833977707158
1.3214327948650448
1.468717284910959
1.4634773600137247
1.2814732184679987
1.3441900003962806
1.3613698462191173
1.3465830327876707
1.3362450615422174
1.363019380853711
1.2911185369186293
1.3591649044003713
1.3651549591195915
1.3693459332704698
1.3381469640374692
1.3928071527709007
1.3766283479664803
1.4071652234903234
1.4029833597363173
1.3621192009762941
1.3626123106845125
1.2590638082418601
1.3056194308838929
1.377111551934246
1.402047577629594
1.3947457063677686
1.3891596126879833
1.3225828464716585
1.3762967526552596
1.3816760222872349
1.371653649647418
1.4136202287372164
1.3611659528093885
1.3540570415465458
1.2910328076416087
1.2565598370640694
1.2131819006420674
1.2644741878099395
1.270034070424648
1.3712628256220574
1.4070961352363456
1.5628105220888249
1.6601486790612467
1.6421952765761838
1.6443224975462967
1.7568252071536026
1.5475304370015577
1.486381223453447
1.495595299316595
1.4624300516508306
1.4388184176521133
1.5582782176616072
1.4949357076442356
1.4823281363036398
1.4403420245926324
1.3362271054510366
1.3839317695907793
1.3595052415037945
1.2881168460937353
1.372656880892832
1.4033930279504199
1.3959062754067881
1.4015018344425372
1.4549054278177493
1.400293424787864
1.4504569747123908
1.4209240849720495
1.4728087262878984
1.4369800197003106
1.321925569501547
1.3002378267417298
1.3610562460316877
1.3284938494031782
1.4357994623179093
1.379315352230946
1.38572421935165
1.3807205015170683
1.4293079534185686
1.4020746681543914
1.3211936769537054
1.3779806047767411
1.4091381720933114
1.4073586381320182
1.3753504763986777
1.3379421638225397
1.3688043418822182
1.3649304949245538
1.309320319935152
1.4434855209723894
1.406557203107682
1.3053410685038647
1.2753122374516024
1.2388782552182427
1.1970282913837198
1.3053775214461407
1.355726573059533
1.331369496969283
1.3360156910649916
1.3251718944262303
1.4259322586701075
1.3507670461177017
1.2045847393309037
1.1689100836527255
1.252057349986918
1.4324178377027172
1.3328801182330787
1.4182192442671857
1.4567422378486696
1.6045109701010838
1.531766240224112
1.521058418858361
1.2037686227899203
1.2268921461912445
1.2460501229164669
1.5836821822879739
1.47061239768924
1.4760030866724059
1.5401676067191246
1.4743400428357498
1.4871844699070185
1.493838101160593
1.5483908626862193
1.4762107442319126
1.4429305363037253
1.3385419363110478
1.470036511593328
1.5523020849366171
1.513912698757365
1.4466187367641463
1.676025386236221
1.4571544672218577
1.549554558462545
1.582157844677845
1.284113417694268
1.4290769371846002
1.4178999743432361
1.767693322166987
1.8006046694175009
1.7211069829562633
1.8141323915125924
1.791730009181288
1.7920341299706999
1.7344475865346365
1.7903120260315593
1.791634948308787
1.7457131913283184
1.6775838651482349
1.7894642886042134
1.5692765887860876
1.688613880077708
1.4981836175951095
1.6986569455524143
1.7628173329650096
1.5539149754509072
1.4806927305129067
1.4016567023042303
1.4402442361766221
1.3456012636122263
1.4207626703441
1.3782844388228794
1.3042122168254182
1.3347943795062072
1.4608461068809289
1.441067025480406
1.3960952429510123
1.454846382846128
1.408913320977344
1.4054747278165642
1.4467220382016004
1.4261790148679754
1.4192046927492785
1.4091370075803944
1.3058839313370962
1.5082827575182824
1.3603468934072978
1.527150242669969
1.4232584055563264
1.4920800658989315
1.489748035547577
1.3756751268948149
1.4645740680429906
1.6398925104301445
1.4168820766613484
1.4901477469986342
1.3548635074039885
1.3351244914534366
1.3402315168543728
1.3347616068460975
1.2933604470511917
1.3224277991479605
1.327597563791346
1.3383848462577839
1.3779606651508534
1.4015882591528686
1.3789649042100096
1.4000233643062063
1.3872934969619655
1.3526554478498913
1.400817616471286
1.4395641785207256
1.5045891339891773
1.4471067390074688
1.4445036387696921
1.6483202249465845
1.506674519716486
1.4874946370429778
1.377947273747296
1.451344707018523
1.4561734750452562
1.4880753218547207
1.476369739351633
1.5384878013200858
1.6173858571016229
1.615005257819681
1.48585380595546
1.5424462390337215
1.4864820864662434
1.5051697211069432
1.4985899462265337
1.4986587201884978
1.4795720990370298
1.6413240297685967
1.5305543660602376
1.5992800618985898
1.5283566897388279
1.5218548244312158
1.4279958148246736
1.528770998624339
1.671335882974579
1.565931557331426
1.396233149818723
1.5386961140457627
1.5514568782424623
1.5898935786254418
1.705367170461644
1.5974872782557261
1.1705838955487389
1.3945523828626338
1.5730211430228733
1.8014586010960445
1.5208055606264634
1.5088522122957837
1.5154919333363828
1.454935899854074
1.4458366294204
1.4955013570772855
1.4152327659041453
1.4991398862490548
1.5456787400034688
1.5687281150515684
1.443339826903052
1.450356811356734
1.766898218313853
1.59863353839893
1.2351474213752545
1.3411973702999669
1.3030611104945022
1.368209491805314
1.4842717650360924
1.4379586651053415
1.5123904114037656
1.4145691804992937
1.4185814572324973
1.3792758570231392
1.374009118008477
1.3587939049449238
1.3882349961301588
1.5801040086198672
1.547400374464175
1.4803133158755242
1.4572581926427077
1.4863497390353686
1.4297780910903095
1.4142090637675702
1.437272936541242
1.4724866701545132
1.5789307961849173
1.4429477633908563
1.3453762775067604
1.5295494684568824
1.581258649977643
1.4927666607976489
1.514662466631961
1.7100271247189842
1.6102088471869138
1.7605288271336141
1.6633667216966845
1.531231106319001
1.5030747538942602
1.6141102717672304
1.6309252509949892
1.6823701982101502
1.5998145634599237
1.6434650246495712
1.5797252077485318
1.4237480949570847
1.5806462146678617
1.7191826127007945
1.484537355106561
1.4853633085465763
1.5730755958435079
1.5435822166450714
1.5272801519502657
1.4135092725816845
1.4306886204080351
1.427326869399724
1.3318145931043484
1.3290707563748847
1.4108321242523112
1.4216977831978599
1.3964193158081948
1.397629959194115
1.4756535935311346
1.4799567198734978
1.4319995868616426
1.4775873989642825
1.3796078134678342
1.6210440281188894
1.4521342542130085
1.3832730715716754
1.430413408425542
1.42933002702702
1.3251039391146218
1.3810003981652008
1.3213039141055787
1.3044454336602809
1.37319727707292
1.5324227093849263
1.7548379788499027
1.6990941107902315
1.7790424820730686
1.7341358095845043
1.714280688795128
1.75019962748091
1.7481678907526899
1.7503282495874022
1.5056623218687597
1.5692081993787999
1.7005102045935192
1.7269416904440054
1.7454733890289902
1.5325062752632803
1.4549828199430461
1.4085830925882994
1.369534163494833
1.3649679995230395
1.3886191127063454
1.317651744684391
1.2904329829598145
1.468581789070044
1.3649242820024108
1.3894980804030863
1.2251890997085924
1.2341569088723616
1.3948028140490458
1.307429079060769
1.2229421293179434
1.267718316069553
1.319064227393983
1.3134723377144142
1.3175115046071184
1.3449924333536885
1.3731977802028985
1.3908320878299836
1.3669823447476377
1.3717368961206762
1.4499947984561508
1.4766625818657886
1.4534126860219005
1.4754466075839254
1.36305685082029
1.3557824728423817
1.3792857618631253
1.4290426837678436
1.3885724604090508
1.3979615371624998
1.370756917306467
1.3729721056771675
1.3987024896295197
1.369141649524336
1.3796059265619522
1.430132350138714
1.3337556512975355
1.3821765498550012
1.3718475437637105
1.3891277745444284
1.2422000465392582
1.310924862452985
1.2588682396798163
1.3119985729268993
1.4054388206844504
1.3962389083592674
1.374224769680041
1.410998701536242
1.378651389482581
1.3275976005239518
1.3379253538153215
1.450581107603062
1.3973981725237314
1.38591393295667
1.4473027197989738
1.4642390161082628
1.3966259571100343
1.43754963729327
1.407779921375889
1.3710673821361736
1.4226868616430033
1.3831185845351461
1.4146729576261807
1.413388897155001
1.433612911366939
1.409849898395783
1.4695761961144609
1.4432729532019781
1.5184115598490617
1.5097924450912135
1.4597275970865278
1.4971169156603685
1.3854637832200807
1.307093695463354
1.3351300716451608
1.2937323103833416
1.3159646602330222
1.4962427397785278
1.5187299335695421
1.4983784229237518
1.434245319968874
1.5116927375617224
1.5155517805492773
1.4308262316087976
1.375147557485743
1.372886490922598
1.3982529117953817
1.3812428217804122
1.2880631333572168
1.3965590585349286
1.4583417814953308
1.438402426863008
1.4661086767718423
1.313112223306222
1.4401633548333475
1.4136218533256786
1.3999465335178138
1.4205575414151286
1.3738337943952221
1.3882696089445883
1.458944113609577
1.4594089092613836
1.429448878287954
1.3905611951494714
1.3776141792595604
1.3923598418505165
1.4411238636382893
1.3374497146790214
1.28987173620486
1.3817155583391667
1.2835547268374288
1.2115121304210617
1.3895468854013102
1.449276092300407
1.4377746807580496
1.2515583902499705
1.3456930763252364
1.4313429434121256
1.4694198853502467
1.3829347149733224
1.272893897496665
1.282884291881388
1.358159053861337
1.3397615390085489
1.354036501000699
1.3744168200192677
1.301568912142846
1.3196898023348402
1.3667492206778495
1.348765864860896
1.3023067800184172
1.3262912041677004
1.379634843054089
1.4275171878589346
1.4752634558678968
1.4069817226904442
1.3878890605359884
1.4058975674410221
1.4046358043795923
1.279633885692141
1.3944904746753408
1.4079948490953487
1.4145991269713263
1.3945611887784173
1.3774205095479235
1.411558301358748
1.410053690291911
1.425515914455899
1.4208139247672655
1.4206416252733127
1.4051309557072322
1.442284314289744
1.423317993466961
1.4441884398290146
1.3857817596259954
1.424202768835035
1.435360358195818
1.4563561168238919
1.3835683207008727
1.4247492558736483
1.4484350897872327
1.4738500011295732
1.4023482714574258
1.3516249866060488
1.425695283068995
1.4733322027003437
1.4745773353960636
1.5337090097492825
1.3988696642831142
1.4426658438165574
1.4000216905719243
1.7483287851274478
1.7146778762520554
1.4757715817959274
1.5306435338217108
1.5985587440673517
1.6313955446144492
1.6203707200214366
1.6491750971531272
1.6227990622331723
1.6211893034267164
1.5149434052819206
1.7437856111463705
1.8427653147561458
1.6432256611934377
1.5974961219449726
1.7210900458120444
1.7292406928694313
1.4946287245534422
1.735339592705188
1.7215913323413756
1.3668200435577096
1.3602635791362185
1.361286393691976
1.4013827986953482
1.4286569732693581
1.424307162241833
1.4110062256301106
1.503794924621653
1.5589116610652989
1.5157076477595914
1.449175105519151
1.3794944965044518
1.3518150254096735
1.305610356216859
1.4071579491197117
1.4258163733982454
1.379623550525563
1.3865030347104947
1.4530059332319778
1.444227490272243
1.4926699458202903
1.4384528646705628
1.45866960454623
1.5158101351169162
1.516636360867265
1.5105740209446152
1.4675365550611668
1.5019769428307392
1.513592493320725
1.533898655470211
1.5327722080267538
1.4991139753873903
1.4844893564317871
1.4695758979413356
1.5536319920751476
1.459876956634467
1.380984954960008
1.3961123628893293
1.3801435831465596
1.3004119508540957
1.2703265644445496
1.235303350701024
1.4294358135539442
1.4160461142629472
1.394005909978513
1.4212413351030126
1.425570699749401
1.39246250406055
1.5099941067157852
1.5104238546263309
1.3949861421881709
1.4270477328386675
1.372774129054681
1.395417140430396
1.3499511717633295
1.3740753916655275
1.419591809133195
1.3421795639395235
1.370175555305963
1.3787228517558376
1.3783177183611972
1.399310864621945
1.274850398403882
1.2151392668063763
1.1767916636648856
1.3032947171583098
1.278230927435342
1.3864068107943952
1.3824862058354592
1.327798287660715
1.3023861777965062
1.3257140764977833
1.4284404192400724
1.3224570472511248
1.3493993512369582
1.366765061278417
1.4584103153004073
1.3459049176917437
1.397818614615657
1.4080704146582614
1.400077794570307
1.3398323940154921
1.3695510080883804
1.4587996192102173
1.4591097778307835
1.4529639307909488
1.4545587125506756
1.3989563569832109
1.353827179972035
1.4270972500281884
1.3557783204923828
1.4840787220385687
1.5004787422355554
1.4205689182449317
1.4853240117490139
1.5178916990999092
1.434877678454732
1.3701949394593886
1.3977240695920001
1.4549448832810483
1.4808651806686746
1.5222104630191435
1.4845714867655622
1.4561805248663324
1.4648856943128363
1.4583311852345702
1.3851661317262332
1.434710101370515
1.44113818038225
1.369010193272409
1.3055250618179646
1.3438632656710794
1.3674446451597548
1.3152883314214345
1.2908601790067917
1.2451488004973459
1.3432192100411164
1.3943832885489602
1.3677486323853412
1.3570424870516704
1.240366726464798
1.300884485799735
1.3984962712371924
1.4242550974272736
1.4296775489550644
1.402474785277012
1.3898663125624209
1.4048575798435803
1.3727456215754088
1.389870052972285
1.3217757126164646
1.3740536896802782
1.4272249016299616
1.4076722541668345
1.3485163018123554
1.3482794907267412
1.3823510505473495
1.3928064417222141
1.386914248252279
1.3487988873383103
1.3003205461831286
1.4131037687416128
1.376955927688348
1.4227568376638207
1.4737971340162819
1.3475599399660028
1.2558229958820653
1.393775716844461
1.4061266818783318
1.3864840219441346
1.3321106966350837
1.3941493004290488
1.4706544227935479
1.4526355162839166
1.3091870111150938
1.3999029717462155
1.3704742962308547
1.3279483707130753
1.4436622885386008
1.4590788581459062
1.3978174971096327
1.344138582358063
1.3128624666703945
1.3949492410047524
1.4809340075157782
1.453175439149506
1.494231435571444
1.0448768961929231
1.0859003695209746
1.5092313129438355
1.3651442325902403
1.604727445552147
1.6323243593610466
1.573533692364536
1.6060069635251655
1.61848608129821
1.5720355838606184
1.4968996081570873
1.4401012511935378
1.590724425138603
1.88323369690623
1.8966039436830926
1.7122264099699105
1.9014213227627876
1.8936702717664728
1.7543127172403097
1.8803236539292474
1.891441489413367
1.8888798284931567
1.8548907911102446
1.7143685225904093
1.3932897835801095
1.3557951359950922
1.3144572278419224
1.3124596120760992
1.3519292216886019
1.2392889382777081
1.3724604818248438
1.4435658369458817
1.3656596142395205
1.359283970568851
1.3094742235035117
1.3912788058296481
1.3879228106064694
1.4227012652742768
1.453158525765748
1.3966291443979975
1.4675214504412635
1.485982650587985
1.4925471991528168
1.5307652035031778
1.493884588695675
1.445319434972755
1.441799427397776
1.3891576705176778
1.4358227257686345
1.447541859740345
1.3754544897972867
1.366260552383628
1.3777984244282893
1.3938040987741678
1.438230463080512
1.3659099080456591
1.3811936943942054
1.3643690463841294
1.3761557142447804
1.4435875367236026
1.4269365417783813
1.3797269410575765
1.37972447449878
1.3776417087616244
1.3346905739695938
1.311509503982275
1.2887414872831269
1.2687145346404565
1.327063076634433
1.3324520658289938
1.4343951288576537
1.407653576345936
1.3775746311545756
1.329657801120998
1.305678101853253
1.3300578148873852
1.3432485488152488
1.420857960996939
1.4502857781570577
1.460669280056058
1.3634909239628097
1.3496346977550915
1.4215958060096694
1.4732665341607434
1.4535594176875464
1.455257553495621
1.357455523230051
1.3990076042623238
1.4558351891384984
1.4952103609293224
1.436325729115472
1.5091504639892774
1.3880622842178258
1.379640436834737
1.3882022865912222
1.436335622801003
1.4104258886044867
1.6368129524391841
1.554868756397934
1.420454192308461
1.4668778682533223
1.4766966260375363
1.588249692121905
1.5674151648305636
1.5385797965091197
1.5872776768586467
1.5894895314646187
1.5658347570892783
1.7126887729930518
1.6560699166322457
1.6262391084922831
1.5877032686831394
1.5150848002681863
1.4626517908956718
1.4890633192042795
1.4435961485067106
1.5132132792455781
1.5004940168085201
1.4702503414368204
1.4599914320964011
1.4617820997656066
1.4301679587595009
1.4246213764547127
1.0731864425305067
1.1504183395237617
1.1655903175655584
1.4576120408446034
1.3812161221664596
1.389548927239223
1.5671718754439592
1.4319796347693232
1.6348979288994296
1.6656717233912672
1.4970139675620546
1.4806058136110456
1.4950227444297166
1.4413229313555966
1.4072066970754002
1.5008554787979287
1.6059374449128763
1.5253608613508456
1.6024405460585045
1.6604989726003052
1.497401038530857
1.506031544791178
1.446335470374147
1.5034505693548958
1.5256339090853825
1.675595626039416
1.6634947626317191
1.3275698867146828
1.3872861239301286
1.2555456795242044
1.4022252332064769
1.319473912526528
1.3840605485159656
1.424426108150356
1.392366389797883
1.3995165014522644
1.3983774060348713
1.4655529868654653
1.4189933853647865
1.3867574846097075
1.4168038791152266
1.3767794544256995
1.4663272610338802
1.3430053900337866
1.3380099124342122
1.4276663987681466
1.3781659172733818
1.3685999615568758
1.4136609767507629
1.5180486430975633
1.5325299278677251
1.3906484094846623
1.6131993179530908
1.379052110520911
1.551547913191876
1.6321295201931818
1.5905173233613594
1.5302061333157613
1.451694911283104
1.5098734432198657
1.4966355773540412
1.477766334210661
1.4300601541344535
1.4497026336650682
1.448234063290485
1.4649872830193895
1.5297124463673
1.2977691596684195
1.278336294878806
1.3985753567676849
1.4652884596385174
1.3252178377091757
1.30607086111529
1.4116567556321649
1.4300621791205546
1.415640452041398
1.4420662178533057
1.4226537339507517
1.416123392593261
1.5000571863101793
1.5635407867430442
1.523387980913871
1.4862096539661456
1.5169959752994067
1.543994969866464
1.4819294629029858
1.4106621443601657
1.3855739427321876
1.3984645329750542
1.3552832474008392
1.3860496670655618
1.4433908942686395
1.3978424071855151
1.429470128821987
1.2853125737214248
1.2880166276481257
1.2629296137700217
1.283168155770875
1.2992531275158252
1.3024586718948366
1.3340477776769195
1.3274689027409639
1.2822862853787684
1.43602056703572
1.3036621609297014
1.46226642267925
1.365064656060142
1.3804245031152604
1.4251997030892865
1.4199788194561656
1.424299777486838
1.3935806514487612
1.4437181699050368
1.3480783939886927
1.4488184801603148
1.391774896806975
1.403063167411038
1.3581544136684798
1.3376962033219773
1.3637161040110832
1.3971160682361374
1.3966657973610006
1.3666224219263334
1.3850370620485664
1.3507120909282209
1.3721879210537251
1.366675962792184
1.4300144510889203
1.4778182317295812
1.441619683038487
1.381596134243243
1.378427527964291
1.4120617682984047
1.3777849579955577
1.4330825609103306
1.4953617940710038
1.4306858310666244
1.4131404343453438
1.384660774989659
1.4342268831219496
1.4654452407764107
1.3738652571475076
1.4339274279065364
1.4533195345271903
1.4432268837961324
1.4166818748977779
1.4289916501172943
1.4038590055563354
1.4564239352058652
1.374140803530037
1.4367677037524658
1.4274351940947696
1.4688827829615618
1.4753608740263202
1.4754147735846825
1.4813535171325085
1.4918547114579044
1.5018661740921369
1.5219838583440908
1.4313468957456355
1.4608904998411334
1.4380883013399568
1.5158028128382617
1.5185417338500868
1.47968561631915
1.5131101929122464
1.5115201113345929
1.4193834196343837
1.3544327044711861
1.3205382226565052
1.3078122485631918
1.402619652192611
1.3741934061955083
1.3627536649403504
1.289774580731793
1.5346122821800672
1.6440609985717467
1.5308716916669733
1.3817164436302907
1.4006035717932808
1.3698587863498906
1.320279426234484
1.4662286775796485
1.5031258367426075
1.5181749446492594
1.547962987178292
1.4703429571126567
1.633797866219665
1.3896756725491528
1.3710992351507574
1.3914592137443278
1.4393455946115388
1.3756827871699528
1.4180560095679497
1.341035760649985
1.4823318882693197
1.397160149357689
1.4476640163424068
1.9293471852166464
1.3545522816853504
1.4010856171928723
1.1702085657758765
1.3096694049624809
1.3746227977446792
1.3863812396914443
1.3675818735425
1.363353008531236
1.360411979655011
1.409932758280263
1.329465150173992
1.3062737634712327
1.3961460322380748
1.4675154874154859
1.344463282017405
1.4270855458393612
1.3756948360757784
1.349496171787138
1.4250903467691491
1.417108407375756
1.4433274996905732
1.4398874924236906
1.362818048497624
1.3943452374589942
1.3176943343001362
1.3313316270219466
1.333088569914339
1.2750198268056498
1.3791599563324108
1.2948945477574982
1.2872623463328121
1.3087346235976964
1.3022899753081267
1.1725667758929486
1.2609977442800966
1.2654103139934352
1.2850737892507367
1.299758534413469
1.321492783942747
1.2461426018855297
1.2543759477735492
1.301417462223369
1.2857645330333902
1.2969025763395472
1.3193365261720191
1.218242100051314
1.2120633585569518
1.2825873965783714
1.3196367388677095
1.293930392510524
1.2268284167833376
1.2559916226880388
1.2423224209806545
1.2555593074157856
1.3111969077417458
1.3078333776169642
1.3661811706893192
1.3802931876688491
1.334233170920185
1.3216957126012796
1.3940472626525653
1.3983663832574313
1.4225843880610305
1.39483674727877
1.2882196711780338
1.234944579101088
1.2639027587399232
1.2262764663643433
1.2867649870526139
1.2838167551787583
1.2154015732440102
1.2654838023960033
1.3209458111030377
1.3422955997972623
1.337868285914346
1.3129313470282435
1.2574794671307188
1.3013754362832237
1.3153455951914486
1.3193919546062536
1.272894390029207
1.3367364000550557
1.29555682456091
1.2432944798266077
1.269181997931514
1.3665332769062448
1.1885289389156268
1.1055317669314542
1.1367873262796957
1.1879582300147893
1.1726875543705186
1.2313292584859836
1.3463382621794229
1.213534368866905
1.296854860674493
1.263592786238753
1.2908826650671774
1.3468143179736893
1.3340712940384547
1.3387074832266048
1.3593815925991464
1.3134872956025863
1.2464604459474729
1.2614827349129432
1.2627385712815409
1.3086026034904934
1.375510664535844
1.4377118826508555
1.3930994532276186
1.3498554033647514
1.3083324115002306
1.3889611579716576
1.421055369382362
1.4066408860917954
1.3936249817549704
1.3771668352893665
1.4250914050371872
1.4051700994596072
1.4395834289985516
1.397005345881939
1.4487060688323439
1.483864155692947
1.4353423784392685
1.4175161054230958
1.44760135834844
1.4836949254727172
1.4750432213247848
1.4507628309746456
1.4836743096330844
1.4452070534767723
1.4165160416016194
1.4007245795208159
1.46927522118471
1.4568274670382295
1.4475004289293443
1.4353254567869838
1.3552097370598748
1.374291953920075
1.3415364054944463
1.3823025683958712
1.3889443966915547
1.3449339868119383
1.37125673095644
1.3290119068921553
1.3956694225734154
1.4685549761451595
1.5046556205546762
1.4864195105290687
1.4102071882152436
1.4590510169322617
1.4408020273167441
1.4368733106424074
1.4454888362455074
1.4469248865056377
1.4215476107907947
1.5928902208220153
1.5046636565115745
1.4748438115101936
1.3858334752841925
1.4489389396663668
1.6113675271391623
1.5011782145810741
1.4101738571544313
1.3364925582352727
1.4752020159084678
1.3090535205369795
1.3160119823359597
1.2714011983658624
1.3713580240855714
1.433349793646999
1.5248615013615452
1.4679059329034991
1.4367575075468013
1.3261637570336782
1.343875617948111
1.3745928817869004
1.345510364597644
1.3175726731335273
1.3532406070941776
1.5394314662629305
1.389358499717212
1.4382736239223035
1.4641404759580507
1.4731822976306292
1.525919542244452
1.4136268760773074
1.4533747116874987
1.4902517951924747
1.428494438253622
1.3602089681172298
1.2923118864471321
1.3386673252839552
1.30175578476312
1.2239151775754655
1.2324446218759404
1.1840267353712166
1.2582521057222962
1.2695339390991576
1.253859516119655
1.210000914314012
1.2632598942001243
1.2536890145349484
1.2551554268428404
1.3075617998825932
1.2975495672941983
1.3256965996259602
1.3061602710824862
1.3670021684169171
1.4043944610735417
1.3130466319801997
1.3144760177245074
1.3030080590783322
1.3356456650094792
1.320869288256435
1.3547512297349746
1.3113255949136557
1.3022854241138475
1.3219603778007376
1.3147295474551801
1.2331899662086143
1.3147751489567028
1.301788924942366
1.3199721110177922
1.277853905540094
1.2479482421047312
1.308309081542831
1.3411800297585228
1.3714053595533169
1.284300859487781
1.2923610947907007
1.2218528210863897
1.2942079735193541
1.2897142885883977
1.2272928902893896
1.2006243402320265
1.2541649642581867
1.1800513484204622
1.3303748341751522
1.249205484209746
1.2782405973322435
1.32831542474434
1.5828148586875908
1.6306946570294623
1.7599700350819627
1.6973982058954493
1.750117642817613
1.7364945501778712
1.7743769521355044
1.7162082681918143
1.9201535212776266
1.7860592146787382
1.7128213010067872
1.5776519004068346
1.6802152481857793
1.5107892678713908
1.5740243475508509
1.4094849760661468
1.4001002415629606
1.2807723031432408
1.315718053330084
1.3097611330609418
1.3112192972172145
1.411401477003751
1.3758401774672413
1.3177479272498756
1.41982272221741
1.3802896085379925
1.3763672410133088
1.2782553373271917
1.2804914392207822
1.2681822437072123
1.3456115521567815
1.4891668402203955
1.57065027644044
1.3330853235910896
1.220011750161726
1.3346635186204547
1.3009793225284483
1.3891962951898806
1.4002445274743849
1.4682144467552982
1.3757079234012792
1.373899823443929
1.4146714343523477
1.3298931544231574
1.3578403195724398
1.2858436418486472
1.2662605865453878
1.2301758648535166
1.1554438178492743
1.1459766990774976
1.2392321844946559
1.1846417903348416
1.25141328049973
1.223937648991786
1.2100717225963762
1.194841163227373
1.1668597544486163
1.1435860763726717
1.169269082029174
1.3190219680604773
1.3805720245123623
1.3723867997314894
1.3822786683985315
1.3586540626354164
1.3720959844978373
1.3648279542137116
1.279680056254435
1.2879095108673015
1.2604147397563548
1.3009094611673437
1.1978229982276993
1.2643671547473454
1.3464478371283137
1.3048028772020714
1.2877831542080593
1.3490484483667675
1.2856524532009659
1.3557085417217032
1.3555792471715908
1.229884505126555
1.2628738263790615
1.2727378751281024
1.4322899855292937
1.4385063405855618
1.4260180880006377
1.465235402003352
1.3816170682969589
1.4858146373227608
1.5153059149739552
1.5063503367899338
1.5399259061542763
1.4796553624789182
1.4347867916220358
1.4038036082929533
1.392738893909401
1.415580253012766
1.4875221912698042
1.5075445538091412
1.5463872765159927
1.4573739614088328
1.4304061254249996
1.4615615562566133
1.423641720913261
1.4501422602386915
1.43833205791355
1.3002381820312983
1.2851898430624806
1.3597737831751024
1.3540246397755675
1.3169691518289577
1.2820432107009188
1.3261577697694273
1.3003283062844522
1.2297788327531987
1.2130642987477682
1.2772688011500364
1.3569484740487605
1.364491881704974
1.3483391512287308
1.366315869706097
1.3636291172363428
1.356292870007221
1.3776517267750736
1.4051604435497278
1.3471408099093602
1.3655633837114938
1.3900846753454705
1.3972345613722705
1.3966379822841766
1.3686934233186852
1.324544362804631
1.3125117870159841
1.3370611528863194
1.3523138082259398
1.2984953506153514
1.3741320931914405
1.3601172369087655
1.3668180250354416
1.2025541133629545
1.228910954897873
1.192023537503148
1.1839041586789592
1.1789551851448066
1.2032542739542715
1.214501290062596
1.2495429714631259
1.2482380698400097
1.2134623430032387
1.2119913409935161
1.2165761681488074
1.1878892473575084
1.1750488245207764
1.1653525208103552
1.2345067605533202
1.399506528411831
1.3902650174758102
1.3980704408925446
1.2787386771651406
1.229864960615045
1.2117655583562352
1.2526327297994915
1.281236063907584
1.3144395136717584
1.279408640547261
1.3479038350954464
1.3001520217546392
1.2675039191311175
1.2658010638488124
1.273718335753653
1.375792973355686
1.4111568436305517
1.406808077441077
1.4551259651086474
1.4812142323824498
1.4612641179966637
1.515053526868216
1.4807067059439805
1.5057931889417278
1.438408394670416
1.4088877180359314
1.3602235779370873
1.2739639327496501
1.3122944271914307
1.4374104586563579
1.5861802877057252
1.557157523015584
1.4118204847183744
1.4573436824161847
1.4406315641960645
1.6463572470494547
1.6569878438213663
1.601438093545667
1.8138300051046994
1.6267334565964404
1.584902847966597
1.5087881176212428
1.635084303005944
1.6027603294140826
1.556663811149429
1.5638531095289365
1.7633178866854335
1.4885257534387126
1.4398722369493826
1.4447847993403282
1.4908033355067538
1.369623003059918
1.4944254029380222
1.6565107349776573
1.5989511930572515
1.6052760760264373
1.6571253793349454
1.7548460726473336
1.5611727703569318
1.4683916145058151
1.5416940049130068
1.4215000189369176
1.5151227009527182
1.5437578209008038
1.545953898041042
1.5319786936519932
1.528711041110095
1.5048084253706564
1.4963730586378254
1.4830950786921773
1.4501160136987936
1.4857302766246805
1.5455999840254695
1.576125667271045
1.5056984660965516
1.5079121094926995
1.5071684904900386
1.5241468448472912
1.541549739266074
1.6304368593691771
1.534498691612227
1.5177699947801355
1.6314100309600483
1.6360957542680066
1.5441753995731393
1.6259630251915176
1.8160950416652195
1.9152100520489932
1.6699570044608778
1.640047928819636
1.4912450830513166
1.4512323138541918
1.5064432995909367
1.631164084738786
1.6297738386134155
1.436554039025643
1.5131212483724148
1.6026815705059505
1.610399233036259
1.5597346655573252
1.6961985133052386
1.7947195963018368
1.592344580119031
1.678341716785656
1.4751740149182542
1.6333722240425355
1.6945551469347155
1.5399616768593438
1.4230881122544345
1.4090470922866916
1.5669926407833572
1.48891419680174
1.5412843929184676
1.5194562960822648
1.5516475082322283
1.517003667635423
1.492426578559639
1.2499156499615323
1.2539763556824677
1.279828040722512
1.5482870158895212
1.315736269861869
1.4333227664715185
1.4449185291540612
1.4646058013219225
1.4159986510107943
1.5120062753660977
1.4848596838235186
1.4549767716957955
1.4275400535980998
1.4181290112611542
1.4706477951906938
1.462688601184595
1.5146409612590812
1.5469669077981831
1.5483816690685603
1.5211784295408606
1.452670411938145
1.537397275482871
1.5075286945622621
1.5875986512401858
1.4652114830739502
1.3580127440029384
1.3924568201084808
1.3577215013017692
1.4165131604301766
1.3272066255669106
1.2779597719238158
1.2897198137775223
1.3070819068931325
1.4474612477422946
1.3827751253599605
1.37132407243101
1.4561650899131484
1.4577391080693605
1.471608508158621
1.3732288917882074
1.507374244684758
1.5131479504017395
1.5311334979752362
1.5251833014578347
1.542666920540922
1.5740438319780476
1.5596272524759862
1.484567620197894
1.6253380179856796
1.524580560673614
1.39338169325642
1.3925344254024385
1.3418474667710805
1.3747483118961257
1.395513209742823
1.4018837191768547
1.399764602247925
1.394822420547539
1.3878307476398222
1.374163489245116
1.350064576892704
1.355783733885974
1.381744572263867
1.3372131136767813
1.333193866644674
1.3128571947194414
1.3463718265441242
1.4553754562614512
1.4281861562234524
1.4592852489633148
1.4243553157267417
1.3972441015047519
1.410163633579671
1.3947620475302556
1.396822677977717
1.3960802163766854
1.370674431325175
1.486452968417069
1.4366058268793427
1.4640387359681937
1.4891247790377116
1.4466849099365917
1.506496962754914
1.4268955521617264
1.3754462524209194
1.3432150576345026
1.4928493987773632
1.5079413199901286
1.5175300126510056
1.4859055156777512
1.5167008764024519
1.58458270134094
1.5235279282437755
1.5169847619547108
1.5080005808215764
1.5593495662264754
1.4927793671729592
1.4424558437792692
1.2987752113570599
1.4132886441864794
1.3751574993978932
1.408044559910177
1.4151528130725217
1.4007150822793137
1.2816809834828564
1.2505442344373192
1.2350746168251352
1.250105383287275
1.4164479764782223
1.4078045396512626
1.353555089799927
1.3384814539874053
1.1942845815536725
1.2693756461988366
1.3280196410122875
1.4406141892473845
1.4213851611795687
1.3885886925593383
1.4203695463049555
1.5371971885206914
1.3876426348750956
1.3251345140671404
1.320751452429446
1.4260780813547806
1.4958561684834528
1.5003430045522366
1.4018584974384434
1.4026730358406794
1.371804689762136
1.483012207221625
1.4408384570980886
1.4600656893219546
1.4779799424927105
1.4829391237118261
1.4393056301938014
1.4545277803291627
1.4388108072865033
1.4266204462424312
1.4168467034064387
1.4198225239559565
1.3895485341480582
1.3650336327296217
1.3360289896241042
1.3366236338485498
1.3712965853140924
1.2862485304546607
1.3032906645242206
1.2939630038875773
1.3546414490791154
1.3592420692870928
1.3274563066464127
1.2928803124598085
1.2027779919124149
1.3673836558755632
1.3350272992918115
1.3412684172765024
1.3053421611736375
1.410942070401473
1.4065034221130654
1.4771014124475232
1.419231391118623
1.4134402138225408
1.3298260190465236
1.3361527347030608
1.2640813987929702
1.2497668591159776
1.3546231445552182
1.3487323461516612
1.3577170404293302
1.3108711953930867
1.362348659634886
1.3689034064858212
1.3659723254004812
1.4070791205588773
1.4047508106728746
1.3518614972094878
1.35600224338142
1.2546218046214634
1.3675826550885044
1.335757185854261
1.3617361859944581
1.369520841813984
1.3413695566078732
1.3713698525322913
1.4088602403488522
1.4124497392870345
1.4059347504868112
1.4195527448716965
1.4748284126812572
1.4882475614148067
1.4792957912601339
1.5186853534099294
1.4909558146848707
1.451862969105623
1.4089018208475201
1.3825493408813454
1.284312294101342
1.2823368077702466
1.2672587592875384
1.2643520974513986
1.228281227192623
1.2081410322800057
1.2562328187974277
1.311877809830935
1.379562725996609
1.3509961548817773
1.4513528245108855
1.44377284113861
1.4123829677917772
1.4767228255374651
1.4273628694369136
1.4187789406233937
1.4848789982861097
1.4241901076461663
1.4617122279394514
1.4560769488227832
1.5077958595047394
1.5497123935104582
1.5281699666274955
1.3694691673568338
1.3592168532828433
1.3231770934260039
1.4007856393842175
1.3167863697932605
1.20375839860009
1.1909321596442417
1.26314775010472
1.3005069010907568
1.1854407185517741
1.2211129728205965
1.2272673424580858
1.2772336858398319
1.3006921246677854
1.2776851559081586
1.553184556531671
1.2805731301303944
1.2432715264396177
1.2771255029734798
1.3006638344888275
1.267165769449906
1.2278843588037238
1.2548701062762162
1.2331332723669375
1.202159378830366
1.2291505549785988
1.1803092741210732
1.2924632231165951
1.21590993541893
1.204746029998669
1.169364145986182
1.411737385388888
1.447169502311704
1.2870104159731608
1.413167764760254
1.3916930413377997
1.3374169303715058
1.3728145750407363
1.395274326580089
1.3033835193917034
1.323206598290911
1.2293395512930023
1.3384799308359874
1.3000704685643805
1.2242927960041075
1.1973296296760887
1.2419379061673161
1.2979034338973072
1.2459639882381601
1.3400231429472722
1.323448420545254
1.3079035566770436
1.361987036928768
1.3838124137689305
1.3205374391994313
1.3202845188347767
1.2752213532749657
1.3066037597302043
1.3065306068950038
1.3375702086029784
1.3614777949303356
1.3316044230559514
1.2615598920757503
1.3513451909545304
1.263091574301945
1.2167709251715608
1.228543664763554
1.2448824662154376
1.214221680604333
1.186786174747853
1.2474802890341457
1.2418249875340304
1.2428349730168624
1.3777184262092548
1.4894060876580593
1.5736946113030088
1.4661219611916998
1.4759788153318307
1.4049789497759433
1.511671398226927
1.5714817035319264
1.425294337229402
1.6070556756551468
1.5718528896552872
1.5349390640943839
1.5049070382371288
1.417308007167741
1.337465797355015
1.2213981564349787
1.2927566759323275
1.2394887373580403
1.1169034896033094
1.2590531798149869
1.3164832898440897
1.3992640237438294
1.3632079894072744
1.409779551610615
1.3912406255180205
1.4380444646658372
1.1981431626412835
1.3662809664328643
1.3655635586696016
1.3673758593132597
1.3680276343018563
1.346449442844287
1.3645786942667104
1.3650980474309302
1.3452689754276665
1.3343534064825449
1.357574206033594
1.3573615929932743
1.3714583172042094
1.3804545135144695
1.373056230070513
1.4055186192162852
1.3902474616025478
1.3821659863111317
1.3935657259704377
1.3814808060680772
1.3916978044074797
1.4116648835328673
1.4243992297868568
1.33696818353602
1.2985489942585566
1.3971875672935168
1.24109698273726
1.1985896306200075
1.3333808716181406
1.3909918719869732
1.5077280708674228
1.3485848189369751
1.3486421460087803
1.3477421023709022
1.289947391244089
1.3459151373594862
1.260071088110535
1.3396537644407083
1.3731735341288154
1.3212270664501047
1.3796397199926602
1.4153690486859578
1.4177873439617785
1.3697000387088218
1.3678546297396352
1.3139669010999255
1.377922848320621
1.334922496251225
1.2677096322010268
1.2756991154830022
1.321158732262177
1.2248976794952697
1.277458625289739
1.3743500129943529
1.4000036052383402
1.341743886386308
1.4000623560019227
1.4644015099186687
1.4636618526820195
1.422375544771985
1.4119508689055154
1.3720064879754035
1.3185338005050367
1.326441320410735
1.2823481953965505
1.276284610358173
1.206167393255523
1.1571617649318018
1.1873723908481812
1.2808813344917738
1.6012543008822624
1.4132137108013814
1.3062384668804292
1.3258650989986906
1.4057795914680102
1.5132854513483744
1.5654274744674572
1.6054514848334174
1.6198818958527998
1.5897049413136881
1.4435427015506515
1.3299192234330997
1.3141022232985402
1.370408764108831
1.3976647802202808
1.3635135048055553
1.425191046691256
1.4095488308461663
1.358766377532314
1.4118129365665142
1.511274011245293
1.511685099967429
1.4973752315598925
1.580615390485664
1.5507806715805776
1.6113875804501303
1.4814206512225858
1.3558438884993256
1.443558483029664
1.4387184096445682
1.5614945941825238
1.5438617397675451
1.5143268038678221
1.5278052478528787
1.5364428574618154
1.5052150154605193
1.5046463740410159
1.4940133373741953
1.5017541474926346
1.4683452689541454
1.4882639735879246
1.48142329790158
1.5141594936067844
1.4808749315491139
1.5128186852019752
1.4920381437255288
1.5050640243444067
1.5050176265476003
1.5386261074852803
1.6182020877102643
1.6161798747846217
1.5550175003971842
1.4275582039558388
1.3637541812104403
1.3490685551848753
1.1968025186742195
1.2301302632263311
1.2491474550479285
1.26537131131435
1.212075620168394
1.2835600569075365
1.2535026746904154
1.3347362948157835
1.263803757023782
1.2564628735232881
1.2831978923417626
1.2547291532495704
1.2437304839169758
1.3112486580517304
1.3530797065606475
1.2836825965530427
1.3010601505897228
1.280271778657739
1.3936734153829717
1.3524400910221464
1.3218556885338046
1.2939100400117982
1.3462858189291866
1.3036758038585041
1.3516697156146877
1.3746632509477401
1.3511087201496208
1.3882624019862628
1.3291402124301244
1.3781098512890644
1.4590704799369636
1.4429647533886005
1.365474700139832
1.2816412356823093
1.3168222993808578
1.363884383144622
1.3533142043731554
1.3757521120263188
1.3307831285249818
1.3871918635439628
1.3705474427618898
1.3384217387791804
1.323374321131766
1.270996322029002
1.2590950333139297
1.2861954249852925
1.2865231658353287
1.2749726780899557
1.3227886847001273
1.4170066207261767
1.6152245801238392
1.45113529234421
1.4002012299207374
1.4486003177225557
1.3847210662196385
1.4448921631152631
1.453402870047756
1.4334753181583035
1.450819716594836
1.4371001919425495
1.4205081189442883
1.4200800471835706
1.4097480976440964
1.4955588385101377
1.428723857385555
1.3509907170679656
1.3922180543844436
1.3681155180682427
1.4251602033326356
1.4570732248458713
1.525343526138889
1.5842361028517287
1.5563943791507666
1.58593427603281
1.6246897991519258
1.5126345714900646
1.5819659987027437
1.545721235599398
1.5828521044618862
1.5521636979619644
1.6047906180020874
1.5780034024991143
1.5984396972729031
1.5944224998034489
1.5871697676346834
1.6302718520636676
1.5874405929103075
1.5606682283419149
1.5675739205446448
1.587163995039722
1.6015353906236331
1.619270598972798
1.4205545272169318
1.231431401481223
1.0834551460273916
1.1481251283266785
1.0772872258928372
1.08336429908396
1.1036710433048518
1.1665396012874862
1.307730155408245
1.2136004077366886
1.2036426471566415
1.0983157931313239
1.0870809753924517
1.3333684283799052
1.2776739963416481
1.1134029431571564
1.1194396204869141
1.2311879991836394
1.122662179982519
1.088639699116532
1.029681718384106
1.0943273554155681
1.1058857985829005
1.1557706021334806
1.1958906175945259
1.134633647848162
1.1961920183445434
1.2187868232362082
1.341630823740734
1.293210309613889
1.199397386839806
1.268803647571603
1.3336408211205881
1.3731558700604969
1.3738833702731021
1.340148503901487
1.3394413353685513
1.377218900072968
1.3275678610003019
1.3582651669994494
1.3667347118976425
1.387967112213063
1.379602496729918
1.4067375247309437
1.3680227541570271
1.251897252180391
1.2876867251083748
1.3895293824486643
1.5977499976550689
1.614296679361609
1.5200344317566825
1.5977590288244843
1.6984007564807535
1.9066516889380793
1.530745424985237
1.6244892656758776
1.904994294067564
1.5735428353089624
1.4914517210855183
1.4446872933493884
1.4928306039217278
1.5051060699821357
1.4705908957160059
1.4062822293718134
1.3340296316132214
1.4080130918784055
1.3854810462622063
1.341772522623885
1.1571484179523863
1.4691778997174507
1.5155557293647341
1.459163769531574
1.4620814120549903
1.4214115007367916
1.4136043324323861
1.408717272301903
1.4254690802885899
1.4274413242075163
1.3815327719516155
1.4808158005370453
1.483920609431255
1.5424264987743477
1.5626411057037715
1.5725404745189706
1.561638205391366
1.5174599585347592
1.4507502335214486
1.4728637324370852
1.4351292738589183
1.4565237841252032
1.5066656694198963
1.4996986313975242
1.4721627713319252
1.5019346747365832
1.5219125285572728
1.5184805131720158
1.5023591595843462
1.527106722234135
1.471487099958622
1.4140914605129224
1.4497942149340348
1.5083340560045615
1.5344340927433489
1.6381746343049803
1.733220302234932
1.6932742310739923
1.5264120865551771
1.9317205508094122
1.3633216097212537
1.4909375223845787
1.819503594821868
1.6429500122736325
1.6970037199238495
1.782320874707932
1.7585848250338474
1.7878945611025963
2.0864994431377824
2.1439950351214736
2.2537120225537195
1.9532214506486958
2.1380893635770666
2.1469398179158468
2.1343481605348176
2.11860007281945
2.402033301928436
2.4251553405244115
2.3748964470892746
2.301056401055058
2.2441167666794417
1.9675985510599483
1.8897842785183512
1.8918070182981241
1.5729186890245863
1.422165296111064
1.544842035410851
1.433678018979914
1.5065994018111073
1.6642132837575503
1.5606456440948648
1.4183538603148715
1.43042581315923
1.4515041519587306
1.3263741323342604
1.5012119226433387
1.5466832022333163
1.3951413583821128
1.6773927689162413
1.687533424979886
1.778429594538745
1.6763376047823515
1.5974587698798055
1.60409635405368
1.6375560660774322
1.5739875031224284
1.581914928578902
1.6353827801218155
1.6068368370826203
1.5518964092115601
1.535526141322307
1.56705953408071
1.4238496096565558
1.4671615348237705
1.5403852761019536
1.5420856186489735
1.4894203347612436
1.5195823485524422
1.6001179777026404
1.5935257019971176
1.6312317284269162
1.889526895106333
1.6897346124456674
1.6878731933561812
1.683715769713625
1.670212290656203
1.6683194740233933
1.6816216237652284
1.6956080521225938
1.6517998525319735
1.738777028912757
1.7388358196102642
1.7016393924297952
1.6497002657322215
1.6618305807876312
1.6777393768991815
1.6099313216290685
1.608521534591309
1.632002638320291
1.6366015986815592
1.6394473773058889
1.5784684252000711
1.6202785327399738
1.6810276214298616
1.5717577370897553
1.5286480701289047
1.4934835321876925
1.5425551239839466
1.6137675061425383
1.6265165245457858
1.5412475896331448
1.5208840720331576
1.5236177585862545
1.6489850995967188
1.6626558169992105
1.4690180547542013
1.406895027780078
1.5106949192093428
1.5258589114414114
1.5384079938689355
1.6602898444892964
1.675836474746736
1.5854591142639254
1.6867731808493946
1.588196040864002
1.5618243047549631
1.4799144201115608
1.380041391136393
1.428270830201568
1.6415089992202168
1.6851776687470488
1.5999347725655026
1.4669062825752068
1.5933840861270694
1.4876506078042133
1.6565475753858987
1.4858709157552734
1.6577465914485814
1.6514420040495539
1.7633484491477072
1.6983125740511702
1.6917508913560269
1.674164715771648
1.5955919810605748
1.530907848084969
1.497415942517826
1.6570554059529938
1.596695619405892
1.6572769918441064
1.6102144691802098
1.574187135988638
1.6239557963993858
1.669911009568365
1.569095189012379
1.6149772584713085
1.5161435425180079
1.4583223846789837
1.6593956563987906
1.629747864915116
1.6033653255247595
1.5730159390549148
1.5117669734162638
1.4313221840512977
1.4116301309089838
1.4595294606479448
1.4493008547785393
1.5210279176542265
1.4583455665290526
1.4345847115664039
1.4532348550012715
1.4531190194254546
1.4025119824140875
1.4769061245784711
1.318433466971997
1.271294632342274
1.2828575206729065
1.3554791164708722
1.5110255684202067
1.455224476971794
1.4815025292835329
1.5127965677884672
1.48354282382387
1.5292109897941104
1.5232050610107137
1.4998026249070244
1.5076923271458613
1.5346544090355236
1.5796082062169807
1.5396206558558208
1.6255447453312748
1.5872676733189788
1.6295219951203068
1.5640955520228352
1.51870685596537
1.5530315893992626
1.5285952678457717
1.5494014593439165
1.5346530838160057
1.5351858949841246
1.6513209483872893
1.4554749992931248
1.414562259232986
1.423304896449311
1.4488900138548289
1.4690494937617715
1.5063130737201957
1.4659520440757292
1.4374218187793768
1.2008757991734154
1.2582196450780152
1.346276099906206
1.3035973689492788
1.343912882256069
1.3731371351775998
1.3191102745988363
1.3093358640096657
1.2640053005456648
1.2543359683975532
1.2691633846552304
1.196952673868691
1.261722682926495
1.234542984074033
1.2333580527245207
1.1940626281151685
1.3803282765113785
1.348352940016463
1.3291761517785796
1.293738402551944
1.2913896191186631
1.3428779636478245
1.328938112601269
1.3325277933039514
1.3330944509577505
1.267844694750517
1.241796085112705
1.2943090735959737
1.2782935882053152
1.246439190827804
1.2867543607661722
1.2739196266681123
1.2741748657099756
1.267918192217866
1.2707078569215227
1.3435455524826105
1.3711330378711075
1.3763750872453753
1.4790410368017068
1.4535550182198893
1.3879878519319555
1.3566701078980326
1.4427529609528662
1.520312768208091
1.4312757944005063
1.4391357717880044
1.491073637112517
1.3626253293207269
1.380524468962991
1.3133510204341596
1.26529559900028
1.3529229549685444
1.3807628749216332
1.4999239788438012
1.339572129348902
1.5923950534226956
1.410418839506561
1.415463242329572
1.4114209938083988
1.4365942665725837
1.447647158947783
1.4598268441776618
1.4441962036748346
1.4332580845084775
1.3759226350023273
1.3963205729661545
1.4404776358765832
1.5204178973704623
1.4921870232388093
1.4596878839836913
1.8053437709811873
1.691461720957649
1.5939566546707848
1.5212158869505765
1.503343682581982
1.4571679032164107
1.5105725879189695
1.4944314243936303
1.4776434659276718
1.5821282705391464
1.504450732804214
1.515260593075375
1.4296636021141524
1.465371137843528
1.493335975776108
1.4878650908738207
1.4623374567304253
1.4460273848131482
1.460964216958642
1.4768978345472084
1.4599185461734896
1.2971497114515766
1.495159599251513
1.4714446430503039
1.3852269451863795
1.3875703797336592
1.4034485590012384
1.3850691999896818
1.3148888466282378
1.3908358287925615
1.361815537527911
1.3502279254673086
1.4113784146626454
1.3686418353739822
1.4096950978391636
1.3019389530032919
1.3890550249855995
1.3841357299566102
1.2887392584585107
1.3427985480149613
1.4246826103039725
1.3685056341026742
1.3619219270706417
1.3466641777547632
1.2975406429061969
1.3424979903465233
1.3289688174724603
1.294256257391293
1.387445514442509
1.3285228557500053
1.3774327525210557
1.393412884743315
1.426515916205108
1.4206911319731632
1.364588225530997
1.3096057093310425
1.3014552369701538
1.3756141149380363
1.4398030105201791
1.359368554287513
1.3911201795499073
1.3389320004720064
1.1980741010196188
1.3048993368152595
1.253872261772679
1.1526018695569613
1.5889972966524415
1.6208355348695525
1.4683890940738396
1.4803690349840908
1.5440443196166174
1.3371773226260644
1.6113972646986492
1.5722997586136855
1.6154605868402652
1.4051204722043238
1.5108152159004402
1.4498521562563789
1.3703484449797358
1.5317092466241162
1.590001818302521
1.6042664844265262
1.5734955514824027
1.6839462805406678
1.6755338625084566
1.6994605460444812
1.703658279741972
1.7051271275227735
1.6959734147592098
1.5974538304742614
1.659440149961856
1.732978727122347
1.7343483778295283
1.7422722560007484
1.7223366185394258
1.7214194150866335
1.7072357925715682
1.7301917038559242
1.7380089064146735
1.7524375313206921
1.7583583953099005
1.7645602385558525
1.7616466876437546
1.7569629451368662
1.7695063893121465
1.7670679890584589
1.7547984416282452
1.7594991050700708
1.7738603389472296
1.766848578849781
1.7564450391856319
1.755141325120901
1.744592255893171
1.758303852316611
1.757965036436522
1.752990292355143
1.7361523397235037
1.6184831167668685
1.322575274173469
1.2279435583403384
1.3258960520137197
1.4332079676803926
1.4365320166745572
1.3858514311279735
1.4213557846368732
1.2605709639050409
1.3948106126476871
1.3765441186328904
1.4119950665465026
1.4224991354669543
1.4713014992829825
1.3972538480516692
1.391573808394561
1.4184117850926241
1.3504838673572854
1.3999152082422501
1.4179176575991304
1.4284608028185766
1.422566481457261
1.4119983907048834
1.4279217318095794
1.4416186384873573
1.422340361496474
1.4053933705962462
1.3441810876960931
1.3253310464417714
1.3356044627514254
1.3795795516797427
1.3832709746000496
1.361843441938017
1.4574005887875907
1.4267272278236043
1.3656445618801332
1.2804332866348938
1.29023196091381
1.2560482459216389
1.345921752063541
1.3452504781611923
1.248829487109574
1.3501195780231283
1.3612306538037398
1.3161626399093165
1.3077474832855354
1.3786498880371536
1.3233351135327653
1.3535144552092444
1.3832300125196608
1.380739045556578
1.3388169732511817
1.4136983462062283
1.2522561361262465
1.2776132633023265
1.3266874578603978
1.3714430716849106
1.4559980925830054
1.4104309057549953
1.4539547292553692
1.387876737119445
1.4519027661059065
1.38864707800256
1.4774012917567771
1.4513786614354653
1.4837849728255794
1.493018212388844
1.544416401114272
1.5514137056971067
1.522258964973475
1.6081736588720164
1.4744210911155655
1.478223098030119
1.488824314762726
1.6216822789607896
1.6100269757175392
1.6304658273879769
1.6630407309883264
1.6953602520974052
1.7096346303468049
1.6907276288860806
1.7140972574549227
1.6925904853267346
1.6202724434663156
1.6399604954209757
1.6229261986730406
1.6510323010692285
1.6721025458496654
1.697248150860242
1.7299222931793592
1.707477927883545
1.707329563636832
1.6863273027119954
1.6811414687536665
1.61834065468121
1.3258000919433452
1.2447032496618813
1.3029469442841266
1.4064135635575237
1.3572690691154077
1.30163172309205
1.3045105418393428
1.2838329489869407
