1.6643995223962058
2.0210684834897186
1.6810172432716866
1.6862622310536741
1.2876287649024143
1.5226195654842987
1.6580723980796153
1.3718778959282834
1.318376811116057
1.444227495079044
1.4489121553313327
1.5330252439221186
1.8960217441548746
1.8477699704979522
1.1828573534592324
1.3169462809174561
1.292892579217994
1.7695647646258612
1.589595744625746
1.561065216305415
1.3522216068786235
1.7452863406552677
1.3812257721951453
1.4188248909767538
1.4296938159348245
1.649646183678781
1.2992612403018742
1.5613219574830115
1.4249036071070076
1.5678422207393616
1.4442186056620572
1.4955238172217864
1.4687573966546281
1.4222956931505775
1.3974883620163228
1.4391181477530346
1.3068969981884566
1.2965213837631304
1.6214014791614864
1.3254806440835032
1.6975683360393004
1.340070694176851
1.6325356843848655
1.4281464282895
1.3085209262338
1.3187541587395581
1.3259861807975406
1.360014566494017
1.3864157328758093
1.4350367132238235
1.5018118905597104
1.2926927242542767
1.2826660141276358
1.5505767735712475
1.3975462881368461
1.3192027774734463
1.5568252168446546
1.479198925662225
1.3423767221820726
1.3794193396904435
1.5357142415423024
1.6424615861684042
1.4741849357501358
1.4049062490184994
1.669632301322833
1.3989022641210274
1.7372962710353697
1.735126715768396
1.761349941204434
1.4593488872506177
1.2856472241108818
1.4419980732849345
1.4269138409770457
1.7494225735719036
1.431197793282828
1.6003408637095475
1.4327473550258245
1.545123820510245
1.6453146536647918
1.3566468134484087
1.6290562922050886
1.4400250740466416
1.5367351015218491
1.6293906484872946
1.6537256131065796
1.4114112672124197
1.6902584013322475
1.573523617336427
1.5050815569458944
1.6676023676723521
1.7073287185387684
1.5225680372224217
1.249918923895414
1.2777374007531184
1.7043557602097694
1.4510769657959874
1.533999131346947
1.5877580811566947
1.4741565921333186
1.4314019570287837
1.4569729683323902
1.5997833843790275
1.3892730757783716
1.5140683967581081
1.6138719350944022
1.5726751721826084
1.4018354828760853
1.5386844421970314
1.4270834060746564
1.6420504280382233
1.327466311350924
1.5367211922015576
1.4701652977400135
1.3315380391060643
1.2491276018904913
1.7806865041559168
1.432199754966782
1.5640153773846743
1.5033796137340987
1.2937387072382798
1.6852664209886263
1.352919729910592
1.3817267799769903
1.3636970088482496
1.5429839577374749
1.4207693865453492
1.2832879039751912
1.5852065152097339
1.7363372750547708
1.4798943370156845
1.8078141450641687
1.611820958392863
1.2540006599658564
1.452755624277918
1.6445129587293903
1.3446343304170856
1.5247129991255386
1.3952937696615129
1.413719950955062
1.453900102363097
1.476745412279208
1.6209374384316926
1.6902230229490591
1.4091300098760555
1.6800683210766247
1.5837286964709958
1.4873676057206622
1.6572013255646
1.5348516641143566
1.2730001755818185
1.3034359286671464
1.2092007717850675
1.5404821045856452
1.5217454681191203
1.5576356465123775
1.2947170315930978
1.3127284901251435
1.623715782873807
1.3544249515501923
1.6388358761046111
1.376141930559959
1.5254525720132721
1.3823678082497326
1.5417902614619143
1.6077326827067182
1.3334660586368026
1.3283195286800655
1.3577082933631646
1.46895490098106
1.689738228761039
1.5337342074141735
1.8019731681291518
1.4051067149949736
1.6134619631188845
1.3378814404154105
1.5489626769478626
1.3258348610038364
1.5589304911704618
1.4528519276558405
1.6040430295427202
1.3762552440552058
1.5168564557967683
1.7689954511303496
1.4639216783288242
1.4637892759000657
1.5356210986153398
1.5387958924253766
1.2874967637296373
1.6634473789453754
1.4162392365193204
1.6206232016273538
1.5213207470778378
1.3073387054254644
1.4708159561054532
1.3747030925189376
1.564618880496914
1.2176861295364667
1.522698495447634
1.631094906569466
1.8039580501964714
1.664794048924288
1.5122852285766595
1.3443835681260652
1.42856810906261
1.6233530826913491
1.4668514966639636
1.4924411866809826
1.6706541595402378
1.6349271279194733
1.490456203074359
1.6356708438806358
1.7052292719667064
1.3955972168465196
1.2846451846039073
1.3896691544358724
1.25949200323691
1.2557158803378339
1.429920454256078
1.288671822852924
1.783380835107943
1.3534392622281075
1.424230922762393
1.4594966105170568
1.263104353084331
1.365027922217063
1.2838652366734724
1.3410973196116216
1.4660583514549421
1.4875423786715605
1.9853964305924208
1.3162170408562617
1.7774984241908471
1.4860519923898772
1.605918500827279
1.7693749880587666
1.3191871811180027
1.4347844729282768
1.5092835489020622
1.8598387553571645
1.3748010402769324
1.5572184248326435
1.7317320792022612
1.5996424953599295
1.5747861080292023
1.4197703916517117
1.4027089459131696
1.2598112730643807
1.572334348526598
1.6967645986342221
1.4075693472427595
1.6000279709271785
1.3573440581079974
1.6391595515634814
1.3820698178490953
1.5158141497990856
1.374352359358861
1.4128039744284087
1.2137939267869047
1.336028149690644
1.2496035372999459
1.3234471098413434
1.4009242234778545
1.3473525095840533
1.3391515635239077
1.6446084814665938
1.3132700904561425
1.3375884991393818
1.7430197988219944
1.3024833049924558
1.371504829600667
1.6481392888334647
1.7471240706644302
1.357345269045045
1.3808081523359
1.6118059214007068
1.6600744671289995
1.3508621075539957
1.3709743880729588
1.4305517113818391
1.5349259754044158
1.2805235831425745
1.3178952140575553
1.572213434135059
1.3942746353320874
1.629991717821989
1.4832254614636187
1.511257985325606
1.2872373923058942
1.4885304349792308
1.458084003854559
1.8205895136400523
1.321448572228665
1.5882151423201698
1.6921934627856492
1.618292335424165
1.288786396132908
1.4707152038156437
1.743598140953281
1.3338124599357415
1.5535971595385056
1.6525201214168523
1.698879067967154
1.5152498911361227
1.2733813940721863
1.351229176856869
1.3682868584031815
1.2916669942343613
1.3601297221331492
1.3866236914193468
1.3781032609914374
1.318354705063916
1.5658679308291814
1.2767055190318328
1.6230601316239683
1.3112125472262113
1.4671525742960114
1.497185636598043
1.312195328608582
1.3431189600702433
1.3610918425555147
1.6624918743692083
1.353478204890997
1.7447030625355346
1.4338355688999143
1.481772457443577
1.9356227576772362
1.3042892480954997
1.736495278610792
1.5332002023470015
1.3569797053529413
1.379506650640354
1.3603345340340147
1.609320481720033
1.7515474860722502
1.7758099909703777
1.3790698912634547
1.3286871166495555
1.2453533016136498
1.8104803954413544
1.900953241562285
1.4978086270783832
1.4302991308985769
1.375131144183987
1.3844091876077693
1.3384094441889922
1.3848239261370643
1.7454606027846542
1.7651464853034817
1.669067562964844
1.7153555301890004
1.4244909292204597
1.3313051105679412
1.59006379986629
1.4711987372771531
1.3363056516623246
1.3334218739812784
1.2490776285102716
1.3616239700291328
1.915277777687627
1.4101084736459464
1.3856986397506479
1.39912507924533
1.4955965252998338
1.5768079088454219
1.5523714928169414
1.4181856653568177
1.20389722661895
1.6440547875230862
1.5530721207834421
1.4007927748200728
1.461554507994267
1.480123193775448
1.4466878297835366
1.4225817272502355
1.4535503167583081
1.4243219850073385
1.3892873753673514
1.516932521852172
1.4461091408632825
1.3691601148426706
1.3251048567029067
1.3665301444736737
1.6934233510094134
1.9992009143262075
1.4590034105288416
1.7564296278170013
1.3215825421127594
1.5437845160573203
1.3842734679501376
1.3570746358115737
1.555060482759028
1.3707936836345624
1.450495997838019
1.3341149685111078
1.6390542357922495
1.63841490578047
1.3005338732586265
1.4539037190462842
1.227087961563965
1.8185797927728569
1.3618071627521116
1.3236891288239887
1.6102926113695386
1.3058670474683014
1.4094953457858255
1.3184413175739298
1.4008654317734295
1.7595956433705824
1.5387878768597079
1.3884614000762519
1.2892651403651207
1.493552505012142
1.22995446439204
1.6646317361194263
1.5959038873087676
1.3661704515460609
1.617439989474858
1.3967126667822485
1.6397056316623564
1.282409141218216
1.401914359185929
1.3790803339222182
1.5243475822437693
1.5147457386500116
1.3554421551948754
1.4791795997455557
1.7197332588783665
1.4149639648510848
1.4482918770352342
1.3244760006561769
1.5301930111989213
1.405434647726524
1.2705482326111912
1.6652452690487547
1.4977736542805935
1.3765511928136396
1.7898711456583731
1.6538175078383106
1.4249135330258305
1.3544840024907647
1.3618619959588085
1.4792509592628196
1.4595190207346829
1.564037467480836
1.4885417802623948
1.505986061430486
1.6983769492190064
1.3170267905556157
1.7606937433325687
1.688267331207814
1.4628477310064685
1.7986381261444349
1.3145328072227969
1.3359991960529936
1.377081078086029
1.3006162107696155
1.784653066924813
1.5318189996032001
1.3219479156548868
1.5422741346305415
1.3886110162579477
1.6453300612375525
1.414788881918374
1.5230732732191394
1.358363564657151
1.3986510030440287
1.4962503113544408
1.5704893346676128
1.5410156450223207
1.7696393934837322
1.3469136591700872
1.265079180276609
1.383230814060068
1.5173229059316435
1.3950753560487226
1.48003984167599
1.644114038856466
1.3149156313029808
1.5684362334288195
1.6316099526685446
1.3299557325142704
1.3075707945534543
1.3121036276200917
1.5523342909616622
1.6016698557298443
1.4413082275732167
1.4495723117106263
1.5154983406351183
1.4714518977219222
1.4910054216712458
1.3615518632745554
1.3947386217066267
1.402551462714216
1.3946789244672797
1.5189911977615997
1.5504013200722868
1.301293131173409
1.337327737063517
1.4036082516474846
1.3730665451868165
1.4727379258365882
1.6499606037514707
1.2691021480734608
1.3592420146699278
1.2976307696179619
1.367872708874553
1.347810930040648
1.4238576142847272
1.590767121166529
1.3759123881237914
1.541596774748912
1.3913832912904407
1.3714300729535107
1.8782026116078019
1.3111338094265408
1.512542105017421
1.4163470245090128
1.5735071211888125
1.370766000601391
1.6482270547486333
1.617746926568707
1.3522469486621278
1.3737213227040486
1.3357504976321248
1.7079396259362687
1.2983053944132603
1.430632031757284
1.3589882859671527
1.424425852430818
1.6712129535963685
1.355163719966531
1.4643469150712942
1.7005116812752314
1.6476170051913879
1.3842959600765576
1.5986952391336835
1.5697208040991124
1.627053033103718
1.3695593680055684
1.537457842423015
1.537149129604033
1.4021440571435568
1.3497052639401543
1.5457170313579525
1.3010914839885488
1.5805975198051974
1.2720283520774878
1.4628489572492172
1.4948999207685834
1.387463160001184
1.330395983913326
1.3153656190903
1.879343527221519
1.6101441591117769
1.46165312904811
1.3308654710099213
1.3480949622558576
1.426246413506937
1.4256655111256709
1.7229123409735176
1.7260507828063236
1.35586977763453
1.4379707955720629
1.4199052239632057
1.3990214419799762
1.4202331066454503
1.8479374276139895
1.5136036024421125
1.5693800518735321
1.3431825094341125
1.3136859304583421
1.7601400518429768
1.5482148260827349
1.6768830287208947
1.3244336733259243
1.372367081712832
1.4645637976048742
1.4135448334257201
1.4455230680824902
1.6956873252968647
1.7203732720245875
1.5088762950442258
1.588054140836097
1.2996489632792536
1.367351464866025
1.6741731720368769
1.4865539728728616
1.4480976507435996
1.456926682679509
1.4316084766105162
1.8372202279524006
1.548488658446342
1.3867671580757137
1.607914521401293
1.3833854259939178
1.643150414737029
1.9323307064683886
1.4139545006560583
1.3176570825757028
1.5489343859878273
1.4081123087859941
1.552462342208151
1.3254834631658678
1.6017865896524122
1.3265780794477176
1.4214514084130323
1.6388494639948685
1.6016870972511639
1.7436933547699374
1.5405809236431576
1.4132180888292065
1.5429769959167006
1.359451988869743
1.503454836349186
1.492134010073204
1.2861674974587876
1.3770097334125053
1.4758797298311293
1.5280944494103237
1.412598284278402
1.5817630456080205
1.3758461634911199
1.4555255520150543
1.333563447969929
1.5784300858817997
1.5208873161313627
1.3357445068210105
1.385288300123718
1.4084379810409493
1.7627828020473288
1.4088788269191166
1.555916886319614
1.8299512987937365
1.422982358171781
1.2795129525786535
1.769104871021593
1.4667979159772448
1.317834977340735
1.6228419073741331
1.254426583842779
1.2918491733697104
1.4039663159785043
1.6238864319252193
1.3605697745468788
1.6383459215120137
1.7221706572028384
1.423047307192026
1.3034667646818257
1.520345886790322
1.7304942189619468
1.4126698982140218
1.7067484247345293
1.2437924971226462
1.3623440877854747
1.8835132806660824
1.4130082655653131
1.6517478636250336
1.5260893329775844
1.7429268729187026
1.7756176383960285
1.3671118340410644
1.6250058034198003
1.473062122774904
1.5549815688351811
1.3196259245893247
1.3707977893810206
1.382842886827553
1.5132744854590054
1.3589161172873243
1.6366516248812748
1.526597360012811
1.9009656500318393
1.280275095250988
1.568203385408516
1.414997292609476
1.6594477229441686
1.641509089326614
1.33921346214231
1.2866795329300142
1.3424428600606193
1.278345222030972
1.4784147526677136
1.5278448919104044
1.366725697188205
1.30902078976754
1.6906449452473795
1.3027589486690858
1.6041583742515577
1.4053287237630103
1.8296896079096039
1.4387153128507588
1.3596547690911032
1.7039976440462978
1.7130845904230363
1.455098759091914
1.6925003073647984
1.4354542637947638
1.4201146975829273
1.531550992713633
1.6346625128894925
1.564868539345913
1.5517504277409275
1.36472503879033
1.8007827989904217
1.7041741770290022
1.3958728782346899
1.8985584658720216
1.2514665724669722
1.6447417309036403
1.3879032520098684
1.3362782311728656
1.654389325879886
1.5932476959338546
1.3870957697973911
1.4666380772967724
1.47627886612622
1.424417178079065
1.355219392321747
1.5839105276696275
1.4799939186452946
1.5752253577513893
1.3311529123630168
1.4831606054341875
1.6895498826376902
1.554813832567326
1.385945576773955
1.225791955426972
1.4415096955549367
1.3751706010724265
1.3926110222307655
1.327288686129174
1.516142405989549
1.2659985212796738
1.3443388881262845
1.6282779743546005
1.5099498334451835
1.7549348525265624
1.3314306601071269
1.536243040184165
1.3432144193789988
1.3656926399332705
1.475187781518019
1.5551698511427912
1.4857570174347017
1.280508978923363
1.628501484130239
1.4689680551511335
1.6839494507429322
1.6101460614444438
1.2988728711569852
1.336183110820821
1.2938384357995016
1.7977737980618305
1.7272700137914425
1.4617971613733844
1.43646346126792
1.5204260320813707
1.307002172028333
1.5362049803677307
1.3990193713990378
1.304620799510706
1.3860370592497107
1.350353804035482
1.393773168518722
1.3043214165129475
1.2950662866110372
1.7479117530653694
1.3958144856744177
1.4119310488497778
1.602657466322613
1.4930936449066774
1.668095275536152
1.4885193688422504
1.4901979690296359
1.5943974981727018
1.59170730307845
1.642876989707878
1.8438710305750288
1.6956568026393324
1.3008796309475223
1.438398526096429
1.4257103663679662
1.7442198670473614
1.6911074126939574
1.3666571469784896
1.7803294838167634
1.4348488826842214
1.3968505687527495
1.5490818010382683
1.3732614710357212
1.372783697222067
1.5357864941538126
1.583222646167881
1.3695020153023583
1.8058018377234428
1.2494504789673757
1.728843020905242
1.444499673655193
1.5158715161090877
1.3542281650151047
1.342639610829008
1.269679985803653
1.4737858145831915
1.437225320097307
1.3485303007730776
1.5192133737724303
1.4342659278141558
1.317389236140767
1.393812094483267
1.2524370693701155
1.3865845965442474
1.575446519018509
1.5142813581717265
1.2821928739455075
1.827514073434579
1.4908040633304214
1.5123625915474572
1.7644307511446642
1.8363996851099773
1.715475726243965
1.367537802505186
1.3673157903524977
1.594575181629229
1.3988741489123064
1.709437272421379
1.2548582878456485
1.9420315487249873
1.73024427073593
1.5089055616294509
1.41904147511883
1.3730017036364104
1.3141386330420468
1.5397373032890633
1.5197812042329828
1.450890709186512
1.773007345503301
1.51562356499477
1.409409133723837
1.7110023872611035
1.3832190176519636
1.4729555586608591
1.3673162577877198
1.6819261228505475
1.691864531499395
1.3724015521356674
1.5657685879086236
1.677855368902967
1.433936690323029
1.297313902354539
1.6321263483354607
1.3159370007288784
1.3785826884807648
1.5833027576125527
1.4089342548127604
1.6173376572823408
1.6149113392195378
1.4955713003000564
1.2878536009714674
1.3217627240721763
1.2937188990411985
1.9590481746060147
1.3086456958183526
1.4463909950365457
1.331155598897624
1.4520857002949898
1.7094509824707762
1.4491362227013616
1.4133339494591106
1.7673110592342822
1.6790673665011486
1.5306837625668954
1.5200531028426147
1.6450970191412428
1.539046805309545
1.2548528112809976
1.4494309390383329
1.436488929798197
1.343258517191974
1.691073064451151
1.426461974352445
1.3132581753901087
1.3618953718485767
1.7461299869282878
1.3821109960518114
1.5892732917262267
1.3333699013262497
1.5662169688492602
1.3111746646302183
1.6966086468100485
1.4934638430118163
1.338867521669131
1.6364264019584613
1.365530061808306
1.5701681665562541
1.4506219892788716
1.3208968927847455
1.5472236384451896
1.9165104687936718
1.412483616011452
1.4497669597668308
1.2981075882430027
1.7008614569008864
1.2792862173928148
1.4159828385401865
1.4261857742037993
1.8046564328356238
1.3709352879470966
1.2834044718579294
1.8047982946068732
1.3311336302774306
1.459470169073295
1.3762645936448825
1.4366618331393695
1.460939300291778
1.4501675537451635
1.3186550845722376
1.3050166224525588
1.6532788489469814
1.3491717148278792
1.6329471851804713
1.2943178775307405
1.615449953002821
1.3919976190147734
1.3441593509577843
1.5496405552140757
1.2976960674915101
1.3618192036163568
1.509594666066372
1.5768293928942634
1.285436102294433
1.7799227939643478
1.5307130801095457
1.6007876143971036
1.3698816557557305
1.3343597932433615
1.4130676124219368
1.3059995957548327
1.4667779771238851
1.2533043456347581
1.4177837633393664
1.4884216313529077
1.7499249622192798
1.313914924200075
1.462987699179471
1.402773513419452
1.6754784905844484
1.3913370226122008
1.3360666408743926
1.676809151737588
1.7900598568019035
1.3267969965540523
1.5579418958955904
1.5595116735592964
1.336387072270294
1.3383180310810878
1.3999308105037729
1.4720574023161055
1.687890214640015
1.2769960598129975
1.7288893450401235
1.386392817123769
1.5747104578818256
1.4293955241290646
1.5890750815778671
1.6213891667422615
1.4033172403262355
1.6042894503887921
1.3902651183237704
1.5004122024838882
1.6524333330858985
1.621724883177881
1.3493753818059337
1.558877800688772
1.6148487710723625
1.409560498750484
1.3039405801022022
1.7269340702769245
1.3501228884860146
1.5973163908003505
1.487321606638543
1.5339232807578647
1.2988899338492392
1.318670545496009
1.4350262227944772
1.5523762082245458
1.276789654272857
1.530957486843626
1.7469561682882777
1.3995112181966556
1.769533666842754
1.2894797731872167
1.6241525596381385
1.6483374101049022
1.6818992868583604
1.5166895298511973
1.3855421675923973
1.5481614682946372
1.2519139354371909
1.4171237023610852
1.5596191604990353
1.4565463062581803
1.6366058133066779
1.5323923004527449
1.3000564850358334
1.2858494205540345
1.2799909718955302
1.8347078819062774
1.734752008973769
1.6618661292566956
1.4504617371624036
1.5257021216633149
1.3395144427845551
1.4863358493095404
1.3690603723796746
1.2897710315017497
1.447150179575619
1.7388501870852258
1.5372920621576178
1.507967284358712
1.4744715957987535
1.4536863379436227
1.530852497960015
1.3990881206882881
1.8227666890734353
1.7600644300742811
1.4072983295350707
1.5522014387708605
1.3858518421479784
1.5882932835838515
1.4800621543685735
1.2835014005860665
1.283530205483812
1.6514738947159622
1.4103843723009089
1.6013280919544675
1.3253577255590683
1.292323922625454
1.2881663265332066
1.3230121064270828
1.2903957834060011
1.439954166682071
1.4699575020795719
1.2927862893452968
1.3371283971411978
1.4597898559417137
1.399899262470904
1.465610077948454
1.6257220863590622
1.3988964286175292
1.7059700584792266
1.612802523442152
1.281452124143776
1.42857184118322
1.6764396991659096
1.6292006576129272
1.5751056596849284
1.290435354154174
1.5337326364997923
1.4327709312329913
1.3967670031661341
1.3430208266381054
1.348222495933485
1.5885192408359772
1.4301349722413974
1.4788256886178748
1.642895567454615
1.8014908599270394
1.6241886505547767
1.4493437627112464
1.443738359190837
1.5993240213493447
1.3066302940085814
1.4758918695823862
1.3692967191268308
1.7460520905036692
1.3416352543964765
1.815138980856154
1.3741130464707216
1.3272634558514167
1.3148645317947676
1.3745449525362081
1.7275772227863229
1.3723672493405366
1.2834218288703572
1.367910913142621
1.4780596780365347
1.5899770489802687
1.3413176012047527
1.7893530732825647
1.3635110649076763
1.59056377253691
1.3639423992509603
1.346645834649742
1.6042851012485166
1.5588407643812627
1.2222978644545313
1.4224139476488529
1.4580192803726273
1.3038233954207847
1.4704592835979013
1.5324290059301977
1.331533601998973
1.5955124235801645
1.6202219777849804
1.4871036209854427
1.543670056404445
1.6419941660231312
1.3277010999222412
1.279564729346724
1.6877916136171893
1.29411902672341
1.2875380408717045
1.8038031119037197
1.5504175131444013
1.4266706760741188
1.332291317171221
1.7659330506152564
1.563145778304068
1.6685364305941612
1.3542914975113887
1.3809742637583513
1.4813925386272593
1.4863133394015338
1.3491017216174666
1.5957358587351071
1.3325508888794133
1.6012292395446004
1.5163690023519347
1.3291644960461653
1.4154130570675794
1.3876296707209126
1.4846281098558867
1.5415722546977613
1.7408221117867813
1.3977833433417879
1.484825387195458
1.7392747588140391
1.4022362695456092
1.293537500381012
1.5484201275378955
1.2539167486679588
1.7743576844304185
1.4069297694629792
1.7280753691803414
1.5649810611309167
1.6565376261276987
1.8109265783799735
1.3901968756312575
1.4458856822377313
1.6061437169960302
1.7015780061146546
1.5317657018114725
1.6541351427103281
1.4665532788801379
1.5539860182085703
1.4519203273238415
1.2837653013756258
1.686567964794462
1.657163560883794
1.5683380583674473
1.3305524133882882
1.3033113792052318
1.3085621537262677
1.439885216338963
1.3670087029188522
1.644757826264998
1.720816133940496
1.347705787990766
1.4741304754823457
1.4917266519427457
1.604542563121183
1.3910243595809983
1.5960380727880596
1.37235110886527
1.7079725663239425
1.623556351664535
1.5791621263036384
1.5202853914952752
1.3926093107365445
1.5536375455153393
1.499919031278617
1.4551242865570821
1.5370449628913478
1.425361699074653
1.537446926298875
1.3779639349735904
1.4528503931912644
1.5138073715658578
1.3004575733342376
1.5661720166326238
1.549457580052084
1.1956031641451184
1.4476995340591206
1.7829452892238824
1.5179106254863843
1.3775378881529288
1.4359128407576032
1.4024546719515716
1.2851146551660437
1.7818149569006276
1.6427408428477415
1.5399759426051989
1.7607721575159714
1.337787010391076
1.4169661921060333
1.5064961104921242
1.508444381592444
1.3253854321472538
1.7434738052424459
1.4355207784944937
1.3498687767866746
1.3933150295050174
1.720701871324933
1.3735748957344018
1.6131969032132982
1.7529996549461477
1.4403356888561425
1.5779938702433562
1.38542318887903
1.2628668227908042
1.545961815905076
1.391057399928321
1.487436727345709
1.4319205925640226
1.328116208997384
1.557778741137758
1.65892359821924
1.3222278596624102
1.3593949392640519
1.6670961008425245
1.839083431972043
1.5580322496411783
1.4624451774961629
1.2670745674650057
1.523621726555386
1.2925435305877935
1.3376250824960514
1.5864976811620761
1.8638682546483942
1.4150982060460062
1.7897452796784048
2.1916039412616795
1.3662149827093888
1.3357748861400418
1.232624532808743
1.3695284052958459
1.501092150685627
1.8722709669391222
1.4822901007423386
1.3276150959780315
1.5948386400562489
1.3554019377078343
1.2644102476477534
1.3091215498464461
1.5488233277620906
1.2652378531829307
1.6320452042488263
1.393652121938799
1.4581860437034264
1.2896410713235689
1.3512784936589173
1.5317390078117352
1.331944432377488
1.441431133923771
1.2123327440532183
1.5964252621237465
1.4563693059333036
1.3076325703552891
1.35786475764167
1.4325499037316518
1.3335082235011457
1.4052665635058303
1.6399834890733835
1.4439295973792734
1.3696695510994585
1.39125657878017
1.2981794671212366
1.2726873237254641
1.3708706498532954
1.676675026040734
1.265591430631407
1.385379104538285
1.628278870196353
1.7051019878926754
1.3791614431688928
1.5810861030850436
1.791705019911798
1.6677152900117562
1.4556791992682743
1.7146025423419353
1.1918297764131836
1.3450096716248618
1.3598136630114177
1.2811346187841082
1.625775528323832
1.3505492036513504
1.5188894424751853
1.4397268272163768
1.5408876893638401
1.8235911958802107
1.3954641366505063
1.5240800284833433
1.8135525956343186
1.8125493683035236
1.4394086672834128
1.493117615599697
1.2792198081813908
1.484565110573859
1.3301070915434674
1.5875309579169619
1.2651694928631125
1.810792851046195
1.4010808007708846
1.3896181184559069
1.5842301529231892
1.4691139178064285
1.6964397181517297
1.4870844572478217
1.3771529683748327
1.7652785335878398
1.6914210518032324
1.7479740368588892
1.4712895453689223
1.1943092808948261
1.3470930563877532
1.568984063818644
1.3694978464927317
1.7317910723456635
1.3483862772299184
1.3939548713834908
1.5669309690054707
1.3952923785132094
1.4208244411298694
1.5889184129978873
1.62277044788982
1.3925616875479594
1.4668149742368437
1.6011667436978092
1.2967742700599947
1.367304060615711
1.496093918509522
1.5322616613970592
1.492441612182335
1.3046780100118809
1.4360675826272518
1.5033664621347897
1.4530831596313483
1.6161492188420992
1.3364164075439484
1.7385400897285122
1.26148410910169
1.3903161868766705
1.5400627849509696
1.3911972280420362
1.44586030243518
1.4678820808630415
1.916457536311672
1.771830784686525
1.466178712498601
1.6825507616143947
1.3263573260981476
1.5925266783817225
1.3654297383031155
1.450927663241977
1.5968966936562325
1.3555577912596821
1.6081547686652016
1.3279126058528845
1.4136382781590453
1.476174249897027
1.4699287931850893
1.3823053247022254
1.644844538305548
1.782277654748567
1.384812591193351
1.3293152745147285
1.696706651331114
1.5911715299875575
1.4134906666317881
1.4965903498973612
1.3761957299197194
1.4496221610377338
1.5484193287264114
1.4087617357630229
1.2376837181672942
1.8362994738554745
1.4281993001360624
1.7141966775448871
1.389794642954383
1.5446443694271772
1.392722631991045
1.624429162194397
1.7222459004090886
1.3879546028989296
1.2588206138409022
1.3020571663015974
1.3059577063871792
1.4310108158253572
1.3880083791940132
1.3323026241488876
1.5857617545213862
1.6566078963050845
1.298020329980263
1.7188392969664217
1.6404508598216085
1.2612773927189842
1.3538231053578613
1.6146303586835746
1.3703947903098976
1.448953800080905
1.3712043491364956
1.3701989864329152
1.4874586243250465
1.431284961484536
1.4725875780732958
1.3679377069444845
1.4778328708777184
1.3141048831267974
1.7152083260510371
1.3494502632331409
1.6241503590074409
1.3054417209831604
1.3346914840930548
1.5247262479528794
1.5138388447854845
1.3408524447000054
1.3038648826334933
1.7016822205108193
1.5836283883515236
1.4411921844936837
1.3961485088624033
1.515258670354799
1.383567521998795
1.3342629645663828
1.474823774484239
1.6958118581451223
1.7027781961357855
1.3973870170672456
1.3601762329225664
1.3493704260548913
1.3177761821813383
1.46625434181787
1.2570609190700588
1.3294583202992047
1.5504169961160723
1.6698865661280016
1.357421697168694
1.2370177791896009
1.2740258940334976
1.3027180614003486
1.37162414297171
1.3575022934210412
1.375007254946447
1.6323800981043424
1.3098071397429192
1.4816948521543951
1.467393144839627
1.7490016796517434
1.3636944351939468
1.341985609711568
1.6820444159907788
1.4601158640634535
1.6058585741731755
1.4234840053496793
1.3489545821722617
1.4074686584293297
1.6440347963618154
1.4071411590439016
1.3850024707264654
1.3234537456593762
1.7236483396474123
1.3582873272152869
1.3050498378786688
1.4107563160835483
1.2831941471177257
1.4289165411958227
1.3249368757500986
1.6476417591595365
1.2562810040604881
1.3763000525685092
1.5750851351086692
1.7990718390355107
1.3873059958624643
1.4843161356988703
1.4537021770817953
1.222639781456118
1.534866345094607
1.570048962744999
1.414517327650116
1.4995868466751554
1.6329796829294398
1.6558272179529492
1.3720840800848955
1.315306322549065
1.6145458305780358
1.3140987095059917
1.5934172572769592
1.3523978883228547
1.4094498657114136
1.3287512651323603
1.6306015079321567
1.5932959275511502
1.7755296468710815
1.5234866163939669
1.387353930160438
1.6748212992844342
1.795332561687615
1.3730465771367755
1.488978217267961
1.6184327488555044
1.5985820240439563
1.421284507180582
1.2666462070674704
1.4851570249530675
1.3073266779207837
1.8589803511852405
1.3039436213435875
1.5011902551680727
1.378950448332464
1.4150247248998027
1.3861128275473855
1.355001457661155
1.2665616678787426
1.4530832632389883
1.5779353204399533
1.5472329465209604
1.2913905830088064
1.314953615670965
1.5804810341262943
1.2803035306262789
1.4582277341120895
1.3707445009876742
1.6413996664944148
1.3785228327872714
1.4892175226050792
1.3116912050551004
1.566146336644083
1.6739300338127308
1.6548968814068126
1.6960470107558858
1.3326658662160897
1.3217601662846767
1.3250316735714651
1.448187112931574
1.4226628329348934
1.4052091011755772
1.6940968622638397
1.9009798654558923
1.6209066814872022
1.4959883268135867
1.6999245464275292
1.4280083756004118
1.3818725500914195
1.3161611824994073
1.39574611533151
1.6459142199358914
1.7213212000023672
1.3595772743857668
1.2637107668152021
1.443576942646943
1.7788386130891751
1.3784559323761476
1.4229490291356914
1.476938038734949
1.2754962935450342
1.5287207305810038
1.408901503230754
1.5811964203899576
1.5253368763827682
1.4409677239845766
1.4189194864646577
1.4183883370404318
1.852204079694475
1.5477865564174604
1.5375907775765838
1.3883980339878168
1.7292903766078513
1.4864355011073571
1.315311727319402
1.60051862135118
1.688796926344541
1.4008841933808063
1.5445153234752889
1.4569418515244577
1.426136449418515
1.3495663924958299
1.3266008038290817
1.543260545571203
1.3550650002079547
1.8032390382091983
1.4425054625786615
1.5299089714003455
1.3269164213235969
1.4548297930969716
1.318231372747437
1.627963450859793
1.4983379403467276
1.6638487011405556
1.3108461104487867
2.1529321175149416
1.563870318858922
1.6344415618161665
1.4527032021761341
1.3651570784578035
1.3433466554257563
1.32380552338337
1.7709205119355877
1.4065192739772387
1.696081302573875
1.5814151728961523
1.4974768113383734
1.5960611758873802
1.8916432715533402
1.3841619894591566
1.3997433409941573
1.571253394063418
1.577696453258209
1.3585023505101583
1.4070356315247485
1.5757315350340901
1.3121407608820226
1.2982890429491376
1.3318382671307605
1.6074514532527142
1.3924106613955283
1.5082772241838673
1.4157096349802736
1.6276570346745247
1.6182671724931892
1.6540292100183418
1.818190951009636
1.620562773044548
1.518574775696794
1.3412797425690015
1.618097377938074
1.3640894735488203
1.387045826581448
1.2828280326420134
1.3194395680894437
1.3822546637328865
1.8649866331248177
1.5423430754482557
1.647076445514268
1.4456047920358923
1.3978702338669386
1.3847937116764444
1.2983132136883582
1.3579424093764372
1.250681114595529
1.4149459945943565
1.371535515264247
1.530877856789782
1.3235882023545646
1.405296231246604
1.56952172407448
1.562053120187105
1.641056756085825
1.3422747344963823
1.353366756932906
1.606340752032894
1.589095883104822
1.492106450936383
1.6881569303779973
1.5257647967370043
1.277362492131219
1.5277872191872695
1.384421623661761
1.3623904836335787
1.3019876233872054
1.441937473450535
1.3049310134336698
1.4469234869690557
1.4539468682719892
1.7785291769319014
1.435939550703171
1.2913290582215187
1.4367844302414121
1.6571869659816374
1.372309272458895
1.3147081008487145
1.6651687063126817
1.4705326424841856
1.4040634469611482
1.390216316274843
1.3985105901652257
1.42999255850455
1.2855392239909784
1.3883338273595154
1.5655814927625162
1.3011055342426145
1.499282741568265
1.4100000896954756
1.644282563380853
1.3999223041539526
1.8186754338308608
1.5749833130100093
1.6075987478598603
1.4371912853260007
1.4430449457004293
1.3088981278106362
1.4596977016105324
1.6203650236764404
1.366953190956696
1.3680423836670035
1.3551254177576908
1.5771907348546805
1.5629608004800466
1.448892868621087
1.4677266208726638
1.3558703633052676
1.7881063069698442
1.3817549582497166
1.4876532178015767
1.9327525750130246
1.2464122644364426
1.5863555475891171
1.7551720087580913
1.6071331790871137
1.6538602113341812
1.677679654963068
1.5354053536904972
1.5614314341244733
1.2608025163341752
1.603561786899695
1.4626472586653232
1.7468462655222752
1.6175397451789348
1.3446553989650296
1.461078881104749
1.692746993002357
1.4943513998641775
1.429630085311907
1.4181878557897096
1.3532106815033762
1.5655657121844715
1.3110995936039858
1.3458169931739243
1.4689343935948533
1.3305071747007682
1.3626430595502903
1.7092518722207188
1.4009277222539394
1.2171590066590747
1.7280542174295292
1.3581213381814476
1.4267632719291925
1.5553052456442469
1.483032590264167
1.5204928119363872
1.433039798419373
1.5521847161879039
1.6499736051028875
1.535835692496075
1.433063025055352
1.3261115298221813
1.2624692143452458
1.2793956314546304
1.309263864589211
1.674421700302574
1.2624085959852416
1.7123933518969465
1.499099508794783
1.3526868145510813
1.3178078787274798
1.3340616333627249
1.279722702447469
1.3562576857104842
1.2721457206596298
1.7349348865510918
1.389148383054519
1.3999442838696083
1.336820372757878
1.447004920912426
1.3621460505844345
1.335998124436938
1.3081345420269694
1.5491555181016383
1.7460225234715054
1.5093996045459723
1.3047027057906215
1.2752511196852028
1.3626770649199882
1.3136362102417147
1.4760784964352087
1.7892039167355098
1.4291845490064568
1.3663797419580768
1.6665741402809
1.5027781117365298
1.328402035320505
1.4982849938167881
1.3506476499511368
1.5709129281299645
1.2753558056684513
1.6215627276673308
1.3291334200993414
1.3470017051268266
1.3204196482772284
1.502660351796717
1.6844332858470668
1.4320998667866518
1.3492534875217257
1.511352631339972
1.2845224637292318
1.6599146804263534
1.459732566325483
1.3264900166496618
1.3130086835641515
1.697976151818508
1.423629880503043
1.7022522913871443
1.5188711534201869
1.2599596782561777
1.8748947723595315
1.4030856538542669
1.505665766097586
1.3341998666894672
1.3591957521182916
1.6214445932164288
1.653305462218453
1.470211983750003
1.6252297221373353
1.5924486935305722
1.6696767398789452
1.3822735341219043
1.268536273911031
1.366438072792195
1.6293613282778647
1.4640044846139515
1.3024186897458179
1.5634848930133287
1.6492579838716686
1.5546104492713135
1.564810928032903
1.3904637111267728
1.4635769386130173
1.6082209699841532
1.75556104836503
1.2474552448473026
1.464397684922357
1.4216462586707277
1.7339948739202786
1.3678340006775798
1.4644587442475614
1.8330761683247052
1.648242530072339
1.473542077926091
1.3090699773210606
1.3521528036461306
1.5908324867452255
1.4013982058901862
1.3248514210167783
1.3917952861635137
1.413610279622536
1.4515769776600973
1.268497200515694
1.344297035343455
1.571442356568793
1.2831477199838563
1.4603963769596684
1.3362494038580344
1.4915986308356313
1.308251020047169
1.5803643486796926
1.2821089916430735
1.4979152084072767
1.40330912363892
1.531460664829037
1.8625490497832085
1.2062211573663528
1.6187223679229468
1.8300745166403005
1.4698793164546844
1.593092264610053
1.3486134389076077
1.3335862686547415
1.2794410557723797
1.2447646263336625
1.3207416400946803
1.2984561636381262
1.3854356095013054
1.7041617958054334
1.4535444190376587
1.3744611361314945
1.3299358970595054
1.346139058245741
1.4337224976515366
1.7242478667144312
1.3804173790480347
1.5424811150512736
1.457355301402035
1.601314226783124
1.4977461015931106
1.461659433952796
1.2886130829871631
1.3989557184606074
1.2452393900058485
1.7229451322371792
1.4422464742961454
1.482982684463383
1.393837246719865
1.5733629878242457
1.2345170182281056
1.2972516076230074
1.4545212339041869
1.6260969749848329
1.3186189134073065
1.29662296121488
1.4208843068248451
1.6771386806422561
1.619078722040137
1.4251864793534839
1.5457175558989271
1.2786242330857902
1.274627396400922
1.5778373042448803
1.6883424429556293
1.5156778278808967
1.3840208294476608
1.3400028543196565
1.4824775049298495
1.605519556729642
1.6464473072232473
1.4163942122481374
1.3742149135616673
1.7312039281969676
1.6361440954300852
1.362908499320561
1.407680330918196
1.348052275832994
1.6297781811676537
1.3307517300135485
1.3804042880754004
1.6804948626123486
1.277619397865274
1.4045790069772246
1.389589996194601
1.2816974959425596
1.4177162494131628
1.3859149136582452
1.5818522017658472
1.6297112308909074
1.5013803097028509
1.5857428202186779
1.490002453542577
1.2806698872204652
1.5565697817393491
1.7467837037430018
1.5090859430364647
1.3703383342368838
1.7277553024631673
1.3833058075424076
1.5002274996144607
1.56769968906996
1.4031658776790084
1.6627104665201164
1.4392174481848687
1.4421608106908566
1.4008530484248776
1.424799367113135
1.3366308767183037
1.56525846921271
1.3536768446249585
1.2594585595611936
1.3654415692000494
1.6396186430941142
1.3998823652492114
1.4192966999870993
1.5055122711880142
1.4122414114477766
1.619998243727405
1.514516411816865
1.307162056042769
1.635419389843819
1.2854951827091978
1.3229809715236178
1.7041147276406192
1.4052905939073028
1.4921169502852178
1.318195268235368
1.411728586812798
1.438622300719486
1.306955309726982
1.5662284442727106
1.382289705052572
1.43837842927214
1.2776514426033567
1.4188246091426544
1.623441454665138
1.5189427616578313
1.7069605235662457
1.6146509498827197
1.3704771036376358
1.2633993581994822
1.7074326424048945
1.6212861261453855
1.5559263519314248
1.5632561334537114
1.4116868420658655
1.4289299377626714
1.325825269774094
1.4029795827434877
1.4211520800795605
1.7364169731137102
1.4685296105205317
1.382272066026246
1.2932193490377013
1.427640540431576
1.5283471433189981
1.779391546310696
1.6349185806182116
1.3452748379240793
1.4931950851116544
1.471611477066185
1.5852856034502538
1.5204829377764355
1.642595754724353
1.7733161495682734
1.5176873653368292
1.384142945186155
1.4067173829855555
1.3512571102518258
1.2645111157816564
1.2920071381518223
1.4610432028640257
1.3614085036236903
1.4339183245796538
1.3744029510172053
1.3816064442106748
1.7056600013127785
1.294525484229311
1.386641944295882
1.254589410463056
1.4231559296168255
1.3899869855666216
1.6023163007664916
1.3301802162852912
1.250638680064819
1.4731971760089577
1.7815479394279485
1.2955544125910265
1.41987660255188
1.3570108802884573
1.3209743568965995
1.415006873598823
1.8051126234952144
1.2075672653384428
1.4057130797345487
1.4704121966502612
1.5891847782706716
1.2783109992908832
1.3856668532851377
1.5085468001198046
1.3734479356273377
1.453027049527664
1.5944119874449574
1.4105629582355292
1.2901342180499742
1.3807172986965415
1.7512394436298633
1.4258919862350412
1.5652827681777446
1.7461977845285588
1.8410767295386679
1.4034029110438009
1.4014593607233947
1.4326227317572675
1.4933086087816174
1.5430272143969754
1.6806229644076491
1.5110109605378474
1.2955170056773369
1.559272420219158
1.5732945543177992
1.5744546263379853
1.4069775032978775
1.390828190896661
1.5833042842777938
1.479477165926278
1.590971411146801
1.4447340132835529
1.394371318671002
1.840005757381461
1.5747240464021666
1.544698305702731
1.2535841444443447
1.692372665528119
1.4002956403431763
1.4365415226863452
1.371361212556764
1.4921020392725959
1.4396520488292999
1.3753776992959683
1.504009197797553
1.28680821357047
1.3369878091180005
1.3594479915221571
1.708121651724485
1.3022085932185867
1.3507438248014958
1.5015495291216534
1.460748541855402
1.505913026501544
1.5452305443653094
1.4389772836817094
1.6974115310257023
1.7012602083146129
1.507274496444228
1.558863156159185
1.4191591291530663
1.3097103603120965
1.392870018053033
1.3037815942515703
1.3184886537768281
1.701881672025222
1.4054100216036591
1.331244690702229
1.4923447991696444
1.3688441244176177
1.4677737044422134
1.5351296543208952
1.3793583486289562
1.480652472567911
1.3216919235655271
1.7557915339331818
1.435494412010181
1.5024430861914861
1.9273531197228846
1.378820098385597
1.8191955075461177
1.3486572045319192
1.7553054677245916
1.58408973251456
1.4242108944460767
1.5787963111765846
1.3744435121466703
1.39067623898928
1.5718114303878088
1.5111476608704248
1.4500943934070796
1.53771575505573
1.360221827442315
1.6845573802915432
1.610499402660419
1.4467350743484335
1.3121581681431378
1.7664790138694806
1.4667663695832227
1.4341383792525024
1.458709434938502
1.305927474533381
1.3776657005230584
1.6622705482975226
1.447353006741511
1.3332995741712632
1.4596877431522624
1.4655481399822432
1.718121669358469
1.5133828829407707
1.2879005009999203
1.5956141988661499
1.3127671452035228
1.6322159582155482
1.7076981209909425
1.4987701128844746
1.6590325817404794
1.489932926701572
1.6083589776029843
1.3762450022042618
1.3531583690848872
1.2823072544726075
1.5612821395668655
1.3089910436295016
1.2927216858008335
1.476541006984674
1.3529240313278965
1.4181577743809897
1.3848919373243695
1.540671399489258
1.34841086386865
1.6259636880296866
1.4438299028879003
1.3402319895416626
1.3229323225757972
1.4876885087452925
1.4918565700551394
1.5438216725920304
1.688457814434098
1.5849032206244942
1.4169840693012732
1.5331058266667086
1.4674277200047674
1.6335876152877464
1.6833391260936001
1.5869922475008322
1.4296553197928163
1.7574673717544327
1.3753046894181242
1.393392509029723
1.6203920768341704
1.4722749367831536
1.5205359816391006
1.7660373510184804
2.0326283225276596
1.5824714951996486
1.2503657735289444
1.4422166739302755
1.3075870666485063
1.2974190946152864
1.6986421307093063
2.030472049363427
1.657292955294089
1.5407372236703256
1.553584745467284
1.3525335000089753
1.6417631799377848
1.7382179962382012
1.4178691704874815
1.3443496094377463
1.2987438149572041
1.4832821165766785
1.4268531501083381
1.5466341864316027
1.5418725170315633
1.5625574133257296
1.4436488152710452
1.5037712928845235
1.3873393244599284
1.6716103247578145
1.575845220881624
1.4065062913345159
1.2784690304934119
1.511583109355118
1.4783589557095365
1.5260516513876203
1.5042520710379341
1.6618375616753838
1.4394959833033354
1.3753958437449678
2.00611746970312
1.3358402035252104
1.387140313561752
1.508179418909187
1.4584610995642724
1.4737791708692556
1.4345780212471844
1.3458225308522764
1.4391334984306796
1.3917064772615162
1.4205997843122407
1.5618790507723692
1.6535384819083025
1.5516679858563505
1.3821441579709832
1.357633271236585
1.7190254163111318
1.3612746246547547
1.6509378479423427
1.2488921582044554
1.6845674748144777
1.6717800831460212
1.5878364154997242
1.4853263284506277
1.4130981377282645
1.4149525565525136
1.4727608324008343
1.3777802518175704
1.52017054203157
1.3582685042540907
1.3688433281438672
1.2847344071022047
1.4434694025959425
1.8837495423577129
1.577286486875527
1.3294482333067483
1.4036189769200906
1.5040898688253814
1.5757368279869317
1.52287881147425
1.5060427919469648
1.6660636493368248
1.464501582701648
1.304454092466872
1.469960260483175
1.2622146139536918
1.398184008950595
1.3806628032656147
1.441930033562998
1.588452342360947
1.4251871550865165
1.7183271872810615
1.4088018480549567
1.4701470121049602
1.4002757322309383
1.236347523742012
1.6149388323177916
1.7021043517245844
1.3260302668169237
1.2872298486019347
1.5854568956935127
1.4337457611435083
1.29720106596501
1.6152235957547048
1.3113069327226685
1.6000503661132486
1.7285776476076635
1.438326505557447
1.294023500439888
1.2259525918592222
1.71616839654879
1.3806199213545767
1.3351812553336282
1.4384226156028648
1.423279286145036
1.5331712383428224
1.5479560026362469
1.5754810756888589
1.4502380574624936
1.5027430812382505
1.4401562819749616
1.611942918134649
1.730263599187441
1.3578067609918654
1.3044890484791514
1.4765280981355244
1.843523968768828
1.473944312373427
1.549670631668067
1.4559499818405368
1.7523326339690455
1.5790394325018244
1.5203763859264239
1.6717113899038978
1.5280481724235446
1.70647143682714
1.6258351375005298
1.388116519846448
1.5428272962945901
1.350657682565976
1.617662364139774
1.6968727529629242
1.494197314236156
1.3413300188678277
1.368426894348127
1.3295942996663404
1.592923411422231
1.3990707933050883
1.4883286906947342
1.3658594943649325
1.375814988929675
1.4600618071212546
1.6506123978472442
1.3709530376134036
1.631523958070023
1.3448846070495908
1.714369101287551
1.5109590467379908
1.6906376078976026
1.340830754245325
1.3117075564502017
1.2148898711075207
1.3810610850725384
1.3439600911577378
1.3485320833998145
1.7481164125925914
1.2886412281174322
1.5383605546000094
1.602806015957688
1.576719709782186
1.5611711805154123
1.53819843500373
1.2275303337576051
1.405728723020916
1.6216568925883939
1.346745243668048
1.5838735253666836
1.3232160613894806
1.270969145629652
1.483603527394476
1.2863245258885725
1.3397184975896759
1.597860084676618
1.5638150781396436
1.3259753197307536
1.5830932305131173
1.4884294599369907
1.60572197004575
1.4022126995860433
1.775523763931826
1.3305811387528237
1.6416053086719997
1.4417246031382023
1.3201251635724953
1.491539471862409
1.6175822006825331
1.70548779441731
1.701667905800984
1.4063217861535908
1.6435146841462052
1.8624083564641383
1.291064419586017
1.733992207774527
1.2538886161108171
1.4923431844866788
1.4074280818913902
1.2624206163870073
1.5905428836371667
1.4406082404710192
1.3970216566082077
1.4680296049623667
1.187733735200164
1.265570761306127
1.4473925600824091
1.2227366123589538
1.3381101304484488
1.5834450615301003
1.4531620197101653
1.589184246544719
1.3016998221886598
1.3242615480798643
1.3927861314426642
1.649211317259251
1.4408438492044255
1.3394441840697797
1.257895371874274
1.2545017049994778
1.7727946657984706
1.4649512149187727
1.5669568614447846
1.3771922777938368
1.6834543219232772
1.6042305176244647
1.2257736972588167
1.516880308284547
1.4652049482135203
1.458573323190306
1.4886658887135051
1.4584708639251123
1.6494092700964602
1.8782432912759763
1.4302092489687888
1.311441029449135
1.4489579472718053
1.5734485086615104
1.4209270224204689
1.4742542715060836
1.4109122003988754
1.5565619166380535
1.5182804183759027
1.3929005120704085
1.4075124643574546
1.6490015802884601
1.492601915035432
1.4693728536011108
1.5191936123864147
1.3377897306645357
1.6355730682085186
1.350060338167642
1.4297792318994973
1.3475139505069218
1.6229760250370986
1.3686115622274482
1.3289933112683427
1.8219064943377579
1.418412818181853
1.3967605189489347
1.5610171561792823
1.4419772240553277
1.3411300245657578
1.6100090273594887
1.4988925415917107
1.603046173486374
1.3169649755745312
1.3833751516954917
1.4061726796950926
1.8018665088907615
1.3634104506478424
1.399292837371277
1.2316576840675277
1.5080084734969517
1.3806228986929092
1.430467394148962
1.2395280243065525
1.5507107000853502
1.3013797803773857
1.3717976782509145
1.4436959948197725
1.291362646976787
